name BSO CB CIB IC LI MSO OF SSO SA TC BW RGB T
0.jpg 0 0 0.0 1 0.0 0 0 0 0 0 0 1 1
1.jpg 0 0 0.0 0 0.0 0 0 1 0 0 0 1 1
2.jpg 0 1 0.0 0 0.0 1 0 0 1 0 0 1 1
3.jpg 1 1 0.0 0 1.0 0 0 0 0 0 0 0 1
4.jpg 0 0 0.0 0 0.0 1 0 1 0 0 0 1 1
5.jpg 1 1 1.0 0 0.0 1 0 0 0 0 0 1 1
6.jpg 0 1 1.0 0 0.0 0 0 1 0 0 0 1 1
7.jpg 1 0 0.0 0 1.0 0 0 0 0 0 0 0 1
8.jpg 1 1 1.0 1 0.0 0 0 0 0 1 0 1 0
9.jpg 1 0 0.0 0 1.0 0 0 0 0 1 0 1 0
10.jpg 1 1 0.0 0 0.0 0 0 0 0 0 0 1 1
11.jpg 1 1 0.0 0 0.0 0 0 0 0 0 0 1 1
12.jpg 0 0 0.0 0 0.0 1 0 0 0 0 0 1 1
13.jpg 1 0 0.0 0 0.0 0 0 0 0 1 0 1 0
14.jpg 0 0 0.0 1 0.0 0 0 0 0 0 0 1 1
15.jpg 0 0 0.0 0 0.0 0 0 0 0 0 0 1 1
16.jpg 0 1 0.0 0 0.0 0 0 0 0 1 0 1 0
17.jpg 1 0 0.0 0 0.0 0 0 0 0 1 0 1 0
18.jpg 1 1 1.0 1 0.0 0 0 0 0 0 0 1 1
19.jpg 0 0 0.0 0 0.0 1 0 1 0 1 0 1 0
20.jpg 1 0 0.0 1 0.0 0 0 0 0 0 0 1 1
21.jpg 0 0 0.0 0 0.0 0 0 0 0 0 0 1 1
22.jpg 0 0 0.0 0 0.0 0 0 0 0 0 0 1 1
23.jpg 0 0 0.0 0 0.0 0 1 0 0 0 0 0 1
24.jpg 0 0 0.0 1 0.0 0 0 0 0 0 0 1 1
25.jpg 1 0 0.0 0 1.0 0 1 0 1 1 0 0 0
26.jpg 0 1 0.0 0 0.0 1 0 0 0 0 0 1 1
27.jpg 1 1 0.0 1 0.0 0 0 0 0 0 0 1 1
28.jpg 1 0 0.0 1 0.0 0 0 0 0 0 0 1 1
29.jpg 0 0 0.0 0 1.0 0 1 0 0 0 0 0 1
30.jpg 1 0 1.0 0 0.0 0 0 0 0 0 0 1 1
31.jpg 0 0 0.0 0 0.0 0 0 0 0 1 0 1 0
32.jpg 1 1 0.0 1 0.0 0 0 0 0 0 0 1 1
33.jpg 1 1 0.0 1 0.0 0 0 0 0 0 0 1 1
34.jpg 1 1 0.0 0 0.0 1 0 0 0 0 0 1 1
35.jpg 1 1 0.0 0 0.0 0 0 0 0 0 0 1 1
36.jpg 0 0 0.0 0 1.0 0 1 0 0 0 0 0 1
37.jpg 1 1 0.0 0 1.0 0 0 0 0 0 0 1 1
38.jpg 1 1 0.0 0 0.0 0 0 0 0 0 0 1 1
39.jpg 1 0 0.0 0 0.0 0 0 0 0 0 0 1 1
40.jpg 0 0 0.0 0 0.0 0 0 1 0 1 0 1 0
41.jpg 1 0 1.0 0 1.0 0 0 0 0 0 1 1 1
42.jpg 0 0 0.0 0 1.0 0 0 0 0 1 0 0 0
43.jpg 0 0 0.0 0 0.0 0 0 0 0 0 0 1 1
44.jpg 0 0 0.0 0 0.0 0 0 0 0 0 0 1 1
45.jpg 1 0 0.0 1 0.0 0 0 0 0 0 0 1 1
46.jpg 0 1 0.0 0 0.0 0 0 1 0 0 0 1 1
47.jpg 1 0 0.0 1 0.0 0 0 0 0 1 0 1 0
48.jpg 0 1 0.0 0 0.0 0 1 0 0 0 0 1 1
49.jpg 1 1 0.0 0 0.0 0 0 0 0 0 0 1 1
50.jpg 1 0 1.0 1 0.0 0 0 0 0 0 0 1 1
51.jpg 0 0 0.0 0 0.0 0 1 0 0 0 1 1 1
52.jpg 1 0 0.0 0 1.0 0 1 0 0 0 1 0 1
53.jpg 1 0 0.0 1 0.0 0 0 0 0 0 0 1 1
54.jpg 0 1 0.0 0 0.0 0 0 1 0 1 0 1 0
55.jpg 1 0 0.0 1 0.0 0 0 0 0 0 0 1 1
56.jpg 1 0 1.0 0 0.0 0 0 0 0 0 0 1 1
57.jpg 1 1 0.0 1 0.0 1 0 0 0 0 0 1 1
58.jpg 1 1 0.0 1 0.0 1 0 0 0 0 0 1 1
59.jpg 0 0 0.0 0 0.0 0 0 0 0 0 0 1 1
60.jpg 1 0 1.0 1 0.0 0 0 0 0 0 0 1 1
61.jpg 1 0 0.0 0 0.0 0 0 0 0 0 0 1 1
62.jpg 1 0 1.0 0 1.0 0 0 0 0 1 0 1 1
63.jpg 0 0 0.0 1 0.0 0 0 1 0 1 0 1 0
64.jpg 1 1 0.0 0 0.0 1 0 0 0 0 0 1 1
65.jpg 1 0 0.0 1 0.0 0 0 0 0 0 0 1 1
66.jpg 0 0 0.0 0 0.0 0 0 0 0 1 0 1 0
67.jpg 1 1 1.0 1 0.0 0 0 0 0 0 0 1 1
68.jpg 1 0 1.0 1 0.0 0 0 0 0 0 0 1 1
69.jpg 0 1 1.0 1 0.0 0 0 0 0 0 0 1 0
70.jpg 0 1 0.0 0 0.0 0 0 0 0 1 0 1 0
71.jpg 1 1 0.0 1 0.0 0 0 0 0 0 0 1 0
72.jpg 0 0 0.0 1 0.0 0 0 0 0 1 0 1 0
73.jpg 0 0 0.0 0 0.0 0 0 0 0 0 0 1 1
74.jpg 0 1 1.0 0 0.0 0 0 0 0 0 0 1 1
75.jpg 0 0 0.0 0 1.0 0 0 0 0 0 0 0 1
76.jpg 1 1 0.0 0 0.0 1 0 0 0 0 0 1 1
77.jpg 0 0 0.0 0 0.0 0 0 0 0 0 0 1 1
78.jpg 1 0 0.0 0 0.0 1 0 0 0 0 0 1 1
79.jpg 1 1 0.0 0 1.0 0 0 0 0 0 0 1 1
80.jpg 0 1 0.0 1 0.0 0 0 0 0 0 0 1 0
81.jpg 0 0 0.0 0 0.0 0 0 1 0 1 0 1 0
82.jpg 1 0 0.0 1 0.0 0 0 0 0 0 0 1 1
83.jpg 0 1 0.0 0 0.0 0 0 0 0 0 0 1 1
84.jpg 1 0 0.0 0 0.0 0 1 0 0 0 0 1 1
85.jpg 1 0 0.0 0 0.0 0 0 0 0 0 0 1 1
86.jpg 0 0 0.0 0 0.0 0 0 0 0 0 0 1 1
87.jpg 1 0 0.0 1 0.0 0 1 0 0 0 0 1 1
88.jpg 0 1 0.0 0 0.0 0 0 1 0 0 0 1 1
89.jpg 1 1 0.0 0 0.0 0 0 0 0 0 0 1 1
90.jpg 1 1 0.0 0 0.0 0 0 0 0 1 0 1 0
91.jpg 0 1 0.0 1 0.0 0 0 0 0 0 0 1 1
92.jpg 0 0 0.0 0 0.0 0 0 1 0 0 0 1 1
93.jpg 1 1 0.0 1 0.0 0 0 0 0 0 1 1 1
94.jpg 0 0 0.0 1 0.0 0 1 1 0 0 0 1 1
95.jpg 0 0 0.0 1 0.0 0 1 1 0 0 0 1 1
96.jpg 1 1 0.0 0 0.0 0 0 0 0 0 0 1 0
97.jpg 0 1 0.0 0 0.0 0 0 0 0 0 0 1 1
98.jpg 1 0 0.0 1 0.0 0 0 0 0 0 0 1 1
99.jpg 1 1 0.0 0 0.0 0 0 0 0 0 0 1 1
100.jpg 1 1 0.0 0 0.0 1 0 0 0 1 0 1 0
101.jpg 0 0 0.0 0 0.0 0 0 0 0 0 0 1 1
102.jpg 1 0 0.0 0 1.0 1 0 0 0 0 0 1 1
103.jpg 1 0 0.0 0 0.0 0 0 0 0 0 0 1 1
104.jpg 0 1 0.0 0 0.0 0 0 0 0 0 0 1 1
105.jpg 0 0 0.0 0 0.0 0 0 0 0 0 0 1 1
106.jpg 1 0 0.0 1 0.0 0 0 0 0 0 0 1 1
107.jpg 1 1 1.0 1 0.0 1 0 0 0 1 0 1 0
108.jpg 1 0 0.0 0 0.0 0 0 0 0 1 0 1 0
109.jpg 1 1 1.0 0 0.0 0 0 0 0 0 0 1 1
110.jpg 0 0 0.0 0 0.0 0 0 0 0 0 0 1 1
111.jpg 1 0 0.0 0 0.0 0 0 0 0 0 0 1 1
112.jpg 1 0 0.0 0 0.0 0 0 0 0 0 0 1 1
113.jpg 1 0 0.0 1 0.0 0 0 0 0 1 0 1 0
114.jpg 1 1 0.0 1 0.0 1 0 0 0 1 0 1 0
115.jpg 1 1 1.0 0 0.0 0 0 0 0 0 0 1 1
116.jpg 1 0 0.0 0 0.0 0 0 0 0 0 0 1 1
117.jpg 1 0 0.0 0 0.0 0 0 0 0 0 0 1 1
118.jpg 1 0 0.0 0 0.0 0 0 0 0 0 0 1 1
119.jpg 0 1 0.0 1 0.0 0 0 0 0 0 0 1 1
120.jpg 1 0 0.0 0 1.0 0 0 0 0 0 0 0 1
121.jpg 1 0 0.0 0 0.0 0 0 0 0 0 0 1 1
122.jpg 0 0 0.0 1 0.0 0 0 0 0 0 0 1 1
123.jpg 0 0 0.0 0 1.0 0 0 0 0 0 0 1 1
124.jpg 1 0 0.0 0 0.0 0 0 0 0 1 0 1 0
125.jpg 0 0 0.0 0 0.0 0 0 1 0 0 0 1 1
126.jpg 1 0 0.0 1 0.0 0 0 0 0 0 0 1 1
127.jpg 1 0 0.0 1 0.0 0 0 0 0 0 0 1 1
128.jpg 1 0 0.0 0 0.0 0 0 0 0 0 0 1 1
129.jpg 1 1 0.0 0 0.0 0 0 0 0 0 0 1 1
130.jpg 0 0 0.0 0 0.0 0 0 0 0 1 0 1 0
131.jpg 1 1 0.0 0 0.0 0 0 0 0 1 0 1 0
132.jpg 1 1 0.0 0 1.0 0 0 0 0 0 0 0 1
133.jpg 0 1 0.0 0 0.0 1 0 0 0 0 0 1 1
134.jpg 1 0 0.0 1 0.0 0 0 0 0 1 0 1 0
135.jpg 1 0 0.0 0 0.0 0 0 0 0 0 0 1 1
136.jpg 1 0 0.0 0 0.0 0 0 0 0 0 0 1 1
137.jpg 0 1 0.0 1 0.0 0 0 0 0 1 0 1 0
138.jpg 0 0 0.0 0 1.0 0 1 0 0 0 0 1 1
139.jpg 0 1 0.0 0 0.0 0 0 0 0 0 0 1 1
140.jpg 0 0 0.0 0 0.0 1 0 1 0 0 0 1 1
141.jpg 1 0 0.0 0 0.0 0 0 0 1 0 0 1 1
142.jpg 1 0 0.0 0 0.0 0 0 0 0 0 0 1 1
143.jpg 0 0 0.0 0 1.0 0 0 1 0 0 0 0 1
144.jpg 0 1 0.0 0 0.0 1 0 0 0 0 0 1 1
145.jpg 0 1 0.0 1 1.0 0 1 0 0 1 1 1 0
146.jpg 1 0 0.0 1 0.0 0 0 0 0 0 1 1 1
147.jpg 1 0 0.0 0 1.0 0 0 0 0 0 0 0 1
148.jpg 1 0 0.0 1 0.0 0 0 0 0 0 0 1 1
149.jpg 1 1 0.0 0 0.0 0 0 0 0 0 0 1 1
150.jpg 1 0 0.0 0 0.0 0 0 0 0 0 0 1 1
151.jpg 1 1 0.0 1 0.0 0 0 0 0 0 0 1 1
152.jpg 1 0 1.0 0 0.0 0 0 0 0 0 0 1 0
153.jpg 0 0 1.0 0 0.0 0 0 0 0 0 1 1 1
154.jpg 1 0 0.0 1 0.0 0 0 0 0 0 0 1 1
155.jpg 0 0 0.0 0 0.0 0 0 0 0 1 0 1 0
156.jpg 1 0 1.0 0 0.0 0 0 0 0 0 0 1 1
157.jpg 1 0 0.0 0 0.0 0 0 0 0 0 0 1 1
158.jpg 0 0 0.0 0 0.0 0 1 1 0 0 0 1 1
159.jpg 1 0 0.0 0 0.0 0 0 0 0 0 0 1 1
160.jpg 0 1 0.0 0 0.0 0 0 0 0 0 0 1 1
161.jpg 0 0 0.0 0 0.0 0 0 1 0 0 0 1 1
162.jpg 1 0 0.0 0 0.0 0 0 0 0 0 0 1 1
163.jpg 0 1 0.0 0 0.0 0 0 0 0 0 0 1 1
164.jpg 1 1 1.0 0 0.0 1 0 0 0 0 0 1 1
165.jpg 1 0 0.0 0 0.0 0 0 0 0 0 0 1 1
166.jpg 0 0 0.0 0 0.0 0 0 0 0 0 0 1 1
167.jpg 1 0 1.0 1 0.0 0 0 0 0 0 0 1 1
168.jpg 0 1 0.0 0 0.0 0 0 0 1 1 0 1 0
169.jpg 1 0 0.0 0 0.0 0 0 0 0 0 0 1 1
170.jpg 0 1 0.0 0 0.0 1 0 0 0 0 0 1 1
171.jpg 0 0 0.0 0 1.0 0 1 0 0 0 0 1 1
172.jpg 1 0 0.0 0 0.0 0 0 0 0 0 0 1 1
173.jpg 1 0 0.0 0 0.0 0 1 0 0 0 0 0 1
174.jpg 1 1 1.0 0 0.0 0 0 0 0 0 0 1 1
175.jpg 1 0 1.0 0 0.0 0 0 0 1 0 0 1 1
176.jpg 1 0 0.0 0 0.0 0 0 0 0 0 0 1 1
177.jpg 0 0 0.0 0 0.0 0 0 0 0 1 0 1 0
178.jpg 0 1 0.0 1 0.0 0 0 0 0 0 0 1 1
179.jpg 1 0 0.0 0 0.0 0 0 0 0 0 0 1 1
180.jpg 1 1 0.0 1 1.0 1 0 0 0 0 0 1 1
181.jpg 1 1 0.0 0 0.0 0 0 0 0 0 0 1 1
182.jpg 1 0 0.0 0 0.0 0 0 0 0 0 0 1 1
183.jpg 0 0 0.0 0 0.0 0 0 0 0 0 0 1 1
184.jpg 0 1 0.0 0 0.0 1 0 0 0 0 0 1 1
185.jpg 1 0 0.0 0 0.0 0 0 0 0 0 0 1 1
186.jpg 0 1 0.0 0 0.0 0 0 0 0 0 0 1 1
187.jpg 0 1 0.0 0 0.0 1 1 0 0 0 0 1 1
188.jpg 1 1 0.0 1 0.0 0 0 0 0 1 0 1 0
189.jpg 1 0 0.0 0 0.0 0 0 0 0 0 0 1 1
190.jpg 1 1 0.0 0 0.0 0 0 0 0 0 0 1 1
191.jpg 0 1 0.0 0 0.0 0 0 0 0 0 0 1 1
192.jpg 1 0 0.0 0 0.0 0 0 0 0 1 0 1 0
193.jpg 1 0 0.0 1 0.0 1 0 0 0 0 0 1 1
194.jpg 1 0 1.0 0 1.0 0 0 0 0 0 0 1 1
195.jpg 1 0 0.0 0 0.0 0 0 0 0 1 0 1 0
196.jpg 1 0 0.0 0 0.0 0 0 0 0 0 0 1 1
197.jpg 1 0 1.0 0 0.0 0 0 0 0 0 0 1 1
198.jpg 0 0 0.0 0 0.0 0 0 1 0 0 0 1 1
199.jpg 0 1 0.0 0 0.0 0 0 1 0 1 0 1 0
200.jpg 1 0 1.0 0 1.0 0 1 0 0 0 0 0 1
201.jpg 1 1 0.0 1 0.0 0 0 0 0 0 0 1 1
202.jpg 1 1 0.0 0 0.0 0 0 0 0 0 0 1 1
203.jpg 0 1 0.0 0 0.0 1 0 1 0 0 0 1 1
204.jpg 0 1 0.0 0 0.0 0 0 0 0 0 0 1 1
205.jpg 1 0 0.0 0 0.0 1 0 0 0 0 0 1 1
206.jpg 1 0 0.0 0 0.0 0 0 0 0 1 0 1 0
207.jpg 1 0 0.0 0 1.0 0 0 0 0 0 0 1 1
208.jpg 1 0 0.0 0 0.0 0 0 0 0 0 0 1 1
209.jpg 0 1 0.0 0 0.0 1 0 0 0 0 0 1 1
210.jpg 1 0 0.0 0 0.0 0 0 0 0 0 0 1 1
211.jpg 1 0 0.0 1 0.0 0 0 0 0 0 0 1 1
212.jpg 1 0 0.0 0 0.0 1 0 0 0 0 0 1 1
213.jpg 1 0 0.0 0 0.0 0 0 0 0 1 0 1 0
214.jpg 1 0 0.0 1 1.0 0 1 0 0 0 0 0 1
215.jpg 0 0 0.0 0 0.0 0 0 1 0 0 0 1 1
216.jpg 0 1 0.0 0 0.0 0 0 0 0 0 0 1 1
217.jpg 1 0 1.0 0 0.0 0 0 0 0 0 0 1 1
218.jpg 1 1 1.0 1 0.0 0 0 0 0 0 0 1 1
219.jpg 1 0 0.0 0 0.0 0 0 0 0 1 0 1 0
220.jpg 1 1 0.0 1 0.0 0 0 0 0 1 0 1 0
221.jpg 1 0 0.0 0 1.0 0 1 0 0 1 0 1 0
222.jpg 1 0 0.0 0 0.0 0 1 0 0 1 0 1 0
223.jpg 1 1 0.0 0 0.0 1 0 0 0 0 0 1 1
224.jpg 1 0 0.0 0 0.0 1 0 0 0 0 0 1 1
225.jpg 1 1 0.0 1 0.0 0 0 0 0 0 0 1 1
226.jpg 0 0 0.0 0 0.0 0 0 0 0 0 0 1 1
227.jpg 1 0 0.0 0 1.0 0 0 0 0 0 0 0 1
228.jpg 1 0 0.0 0 0.0 0 0 0 0 0 0 1 1
229.jpg 0 1 0.0 1 0.0 0 0 0 0 0 0 1 1
230.jpg 1 0 0.0 0 1.0 0 0 0 0 0 0 1 1
231.jpg 1 1 1.0 1 0.0 0 0 0 0 0 0 1 1
232.jpg 1 1 0.0 0 0.0 0 0 0 0 0 0 1 1
233.jpg 0 0 0.0 0 0.0 1 1 0 0 0 0 1 1
234.jpg 1 0 0.0 1 0.0 0 0 0 0 0 0 1 1
235.jpg 0 0 0.0 0 0.0 0 0 1 0 1 0 1 0
236.jpg 1 0 0.0 0 0.0 0 0 0 0 0 0 1 1
237.jpg 1 0 0.0 0 0.0 0 0 0 0 0 0 1 1
238.jpg 0 0 0.0 0 0.0 0 0 1 0 0 0 1 1
239.jpg 1 1 0.0 0 1.0 0 1 0 0 0 0 0 1
240.jpg 1 0 0.0 1 0.0 0 0 0 0 0 0 1 1
241.jpg 1 0 0.0 1 0.0 0 0 0 0 0 0 1 1
242.jpg 0 1 0.0 0 0.0 0 0 0 0 0 0 1 1
243.jpg 0 0 0.0 1 0.0 0 0 0 0 1 0 1 0
244.jpg 1 1 0.0 0 0.0 0 0 0 0 0 0 1 1
245.jpg 1 0 0.0 1 0.0 0 1 0 0 0 0 1 1
246.jpg 1 1 0.0 0 0.0 0 0 0 0 0 0 1 1
247.jpg 0 1 1.0 1 0.0 0 0 0 0 0 0 1 1
248.jpg 1 1 0.0 0 0.0 0 0 0 0 0 0 1 1
249.jpg 0 0 0.0 0 0.0 0 0 1 0 0 0 1 1
250.jpg 0 1 0.0 0 0.0 0 0 1 0 0 0 1 1
251.jpg 1 1 0.0 0 0.0 0 0 0 0 0 0 1 1
252.jpg 1 0 0.0 0 0.0 0 0 0 0 0 0 1 1
253.jpg 0 0 0.0 0 0.0 0 0 1 0 0 0 1 1
254.jpg 1 0 0.0 0 0.0 0 1 0 0 0 0 1 1
255.jpg 1 0 0.0 0 0.0 0 0 0 0 0 0 1 1
256.jpg 0 0 0.0 0 0.0 0 1 0 0 0 1 1 1
257.jpg 1 0 0.0 0 0.0 1 0 0 0 0 0 1 1
258.jpg 0 0 0.0 1 0.0 0 0 0 0 1 0 1 0
259.jpg 1 0 0.0 0 0.0 0 0 0 0 0 0 1 1
260.jpg 1 1 0.0 0 0.0 1 0 0 0 0 0 1 1
261.jpg 0 1 0.0 0 0.0 1 0 0 0 0 0 1 1
262.jpg 0 0 0.0 0 0.0 0 0 0 0 0 0 1 1
263.jpg 1 1 1.0 0 1.0 0 0 0 0 0 1 0 1
264.jpg 1 0 0.0 0 0.0 0 0 0 0 0 0 1 1
265.jpg 1 1 0.0 0 0.0 1 0 0 0 0 0 1 1
266.jpg 1 0 1.0 1 0.0 0 0 0 1 0 0 1 1
267.jpg 1 0 0.0 1 0.0 0 0 0 0 1 0 1 0
268.jpg 1 0 0.0 0 1.0 0 1 0 0 0 0 1 1
269.jpg 1 1 1.0 0 0.0 1 0 1 0 0 0 1 1
270.jpg 1 0 0.0 1 1.0 0 0 0 0 0 0 1 1
271.jpg 1 0 0.0 0 0.0 0 0 0 0 0 0 1 1
272.jpg 1 0 0.0 0 1.0 0 0 0 0 0 0 1 1
273.jpg 0 1 0.0 0 0.0 0 0 0 0 0 0 1 1
274.jpg 0 0 0.0 0 0.0 0 0 1 0 1 0 1 0
275.jpg 0 1 0.0 0 0.0 0 1 0 0 0 0 1 1
276.jpg 1 0 0.0 0 0.0 0 0 0 0 0 0 1 1
277.jpg 1 0 1.0 0 0.0 0 0 0 0 0 0 1 1
278.jpg 0 0 0.0 0 0.0 0 0 0 0 0 0 1 1
279.jpg 1 1 0.0 0 0.0 0 0 0 0 0 0 1 1
280.jpg 0 1 0.0 0 0.0 0 0 0 0 0 0 1 1
281.jpg 0 0 0.0 0 0.0 1 0 1 0 0 0 1 1
282.jpg 1 0 0.0 0 0.0 0 0 0 0 1 0 1 0
283.jpg 1 0 0.0 0 1.0 0 1 0 0 0 0 0 1
284.jpg 1 0 0.0 1 0.0 0 0 0 0 0 0 1 1
285.jpg 1 1 0.0 0 0.0 0 0 0 0 0 0 1 1
286.jpg 1 1 1.0 0 0.0 0 0 0 1 0 0 1 1
287.jpg 1 1 0.0 1 0.0 0 0 0 0 1 0 1 0
288.jpg 1 0 0.0 1 0.0 0 0 0 0 0 0 1 1
289.jpg 1 1 0.0 0 0.0 0 0 0 0 1 0 1 0
290.jpg 1 0 0.0 0 0.0 0 0 0 0 0 0 1 1
291.jpg 0 0 0.0 0 0.0 0 0 0 0 0 0 1 1
292.jpg 1 0 0.0 0 0.0 0 0 1 0 0 0 1 1
293.jpg 1 1 0.0 0 0.0 0 0 0 0 0 0 1 1
294.jpg 1 1 0.0 1 0.0 0 0 0 0 0 0 1 1
295.jpg 1 1 1.0 1 0.0 0 0 0 0 0 0 1 1
296.jpg 0 1 0.0 0 0.0 0 0 0 0 0 0 1 1
297.jpg 0 1 0.0 0 0.0 0 0 0 1 0 0 1 1
298.jpg 0 1 0.0 0 1.0 1 0 1 0 1 1 1 0
299.jpg 1 1 0.0 0 1.0 0 0 0 0 0 0 1 1
300.jpg 1 0 0.0 0 0.0 0 0 0 0 0 0 1 1
301.jpg 1 0 0.0 0 0.0 0 0 0 0 0 0 1 1
302.jpg 1 0 0.0 0 1.0 0 0 0 0 0 0 1 1
303.jpg 1 1 0.0 0 0.0 0 0 0 0 1 0 1 0
304.jpg 1 0 0.0 0 0.0 0 0 0 0 0 0 1 1
305.jpg 1 0 0.0 0 0.0 0 0 0 0 0 0 1 1
306.jpg 1 0 0.0 0 1.0 0 1 0 0 0 0 0 0
307.jpg 1 0 0.0 0 1.0 0 1 0 0 0 0 1 1
308.jpg 0 0 0.0 0 0.0 0 0 0 0 1 0 1 0
309.jpg 0 0 0.0 0 1.0 0 1 1 0 0 0 0 1
310.jpg 0 1 0.0 0 0.0 0 0 0 0 0 0 1 1
311.jpg 0 1 0.0 0 0.0 1 0 1 0 0 0 1 1
312.jpg 1 1 0.0 1 0.0 0 0 0 0 0 0 1 1
313.jpg 1 1 0.0 0 0.0 0 0 0 0 1 0 1 0
314.jpg 1 0 0.0 1 0.0 0 0 0 0 0 0 1 1
315.jpg 0 0 0.0 0 0.0 1 0 1 1 1 0 1 0
316.jpg 0 1 0.0 0 1.0 0 0 0 0 0 1 1 1
317.jpg 0 0 0.0 0 0.0 0 0 0 0 0 0 1 1
318.jpg 1 0 1.0 0 0.0 0 0 0 0 0 0 1 1
319.jpg 1 1 0.0 0 0.0 0 0 0 0 0 0 1 1
320.jpg 1 1 0.0 0 0.0 0 0 0 0 0 0 1 1
321.jpg 0 1 0.0 0 0.0 1 0 1 0 0 0 1 1
322.jpg 1 0 1.0 1 0.0 0 0 0 0 0 0 1 1
323.jpg 1 1 0.0 0 0.0 0 0 0 0 0 0 1 1
324.jpg 1 1 1.0 1 0.0 0 0 0 0 1 0 1 0
325.jpg 1 0 0.0 0 0.0 0 0 0 0 0 0 1 1
326.jpg 0 1 1.0 0 0.0 1 0 0 0 0 0 1 1
327.jpg 0 0 0.0 0 0.0 0 1 0 0 1 0 0 0
328.jpg 1 1 1.0 1 0.0 0 0 0 0 0 0 1 1
329.jpg 1 0 0.0 0 0.0 0 0 0 0 0 0 1 1
330.jpg 0 0 0.0 0 0.0 0 0 0 0 0 0 1 1
331.jpg 1 1 1.0 0 0.0 1 0 0 0 1 0 1 0
332.jpg 1 1 0.0 0 0.0 0 0 0 0 0 0 1 1
333.jpg 1 0 0.0 1 0.0 0 0 0 0 0 0 1 1
334.jpg 0 0 0.0 0 0.0 0 0 0 0 1 0 1 0
335.jpg 0 1 0.0 1 0.0 0 0 0 0 0 0 1 1
336.jpg 1 1 0.0 0 0.0 0 0 0 0 0 0 1 1
337.jpg 0 0 0.0 0 0.0 0 0 1 0 1 0 1 0
338.jpg 1 0 0.0 0 0.0 1 0 0 0 0 0 1 1
339.jpg 1 1 0.0 0 0.0 0 0 0 0 0 0 1 1
340.jpg 1 0 0.0 0 0.0 0 0 0 0 0 0 1 1
341.jpg 0 0 0.0 0 1.0 0 0 0 0 0 0 1 1
342.jpg 1 0 0.0 0 0.0 0 0 0 0 0 0 1 1
343.jpg 1 0 0.0 0 0.0 0 0 0 0 0 0 1 1
344.jpg 1 1 0.0 0 0.0 0 0 0 0 0 0 1 1
345.jpg 0 0 0.0 1 0.0 0 0 0 0 0 0 1 1
346.jpg 0 0 0.0 0 0.0 0 0 0 0 0 0 1 1
347.jpg 0 0 0.0 1 0.0 0 0 0 0 0 0 1 1
348.jpg 0 0 0.0 1 0.0 0 0 0 0 1 0 1 0
349.jpg 1 0 0.0 0 0.0 0 0 0 0 0 0 1 1
350.jpg 1 0 0.0 1 0.0 0 0 0 0 1 0 1 0
351.jpg 1 0 0.0 0 0.0 0 0 0 0 0 0 1 1
352.jpg 0 1 0.0 0 0.0 0 0 0 0 0 0 1 0
353.jpg 0 0 0.0 1 0.0 0 0 1 0 0 0 1 1
354.jpg 1 0 0.0 1 0.0 0 0 0 0 0 0 1 1
355.jpg 0 1 0.0 0 0.0 0 0 0 0 0 0 1 1
356.jpg 0 0 0.0 0 0.0 0 0 1 0 0 0 1 1
357.jpg 0 1 0.0 0 0.0 0 0 0 0 0 0 1 1
358.jpg 1 0 0.0 0 0.0 0 0 0 0 0 0 1 1
359.jpg 0 0 0.0 1 0.0 0 0 0 0 1 0 1 0
360.jpg 1 0 0.0 1 0.0 0 0 0 0 0 0 1 1
361.jpg 0 0 0.0 1 0.0 0 0 0 0 0 0 1 1
362.jpg 1 0 1.0 1 0.0 0 0 0 0 0 0 1 1
363.jpg 1 1 0.0 1 0.0 1 0 0 0 0 0 1 1
364.jpg 1 0 0.0 0 1.0 0 0 0 0 0 0 0 1
365.jpg 1 1 0.0 0 0.0 0 0 0 0 0 0 1 1
366.jpg 1 0 0.0 1 0.0 0 0 0 0 0 0 1 1
367.jpg 1 0 0.0 0 1.0 0 0 0 0 0 0 0 1
368.jpg 1 0 0.0 1 0.0 0 0 0 0 0 0 1 1
369.jpg 0 0 0.0 0 0.0 0 0 0 0 0 0 1 1
370.jpg 0 1 0.0 0 0.0 0 0 0 0 0 0 1 1
371.jpg 0 1 0.0 0 0.0 1 0 0 0 0 0 1 1
372.jpg 0 1 0.0 0 0.0 0 0 0 0 0 0 1 1
373.jpg 1 0 0.0 0 0.0 0 0 0 1 1 0 1 0
374.jpg 0 0 0.0 0 0.0 0 0 1 0 0 0 1 1
375.jpg 1 0 1.0 0 0.0 0 0 0 0 1 0 1 0
376.jpg 0 0 0.0 0 0.0 0 1 1 0 0 0 0 1
377.jpg 0 1 0.0 1 0.0 1 0 0 0 0 0 1 1
378.jpg 1 1 0.0 0 1.0 0 0 0 0 0 0 0 1
379.jpg 0 1 0.0 0 0.0 0 0 0 0 0 0 1 1
380.jpg 0 0 0.0 0 0.0 0 0 0 0 1 0 0 0
381.jpg 1 1 1.0 1 0.0 0 0 0 0 0 0 1 1
382.jpg 1 1 1.0 1 0.0 0 0 0 0 0 0 1 1
383.jpg 0 1 0.0 0 0.0 0 0 0 0 0 0 1 1
384.jpg 0 0 0.0 0 0.0 0 0 0 0 0 0 1 1
385.jpg 1 1 1.0 0 0.0 0 0 0 0 0 0 1 1
386.jpg 1 0 0.0 0 1.0 0 0 0 0 1 0 1 0
387.jpg 0 0 0.0 0 0.0 0 0 0 1 1 0 0 0
388.jpg 0 0 0.0 0 0.0 0 0 0 0 1 0 1 0
389.jpg 1 1 0.0 1 0.0 0 0 0 0 0 0 1 1
390.jpg 1 0 0.0 0 0.0 0 0 0 0 1 0 1 0
391.jpg 1 0 0.0 0 0.0 0 0 0 0 1 0 1 0
392.jpg 1 0 0.0 0 0.0 1 0 0 0 0 0 1 1
393.jpg 1 1 0.0 0 0.0 0 0 0 0 0 0 1 1
394.jpg 1 0 0.0 0 0.0 0 0 0 0 0 0 1 1
395.jpg 0 0 0.0 0 0.0 0 0 0 0 0 0 1 1
396.jpg 1 0 0.0 1 0.0 0 0 0 0 1 0 1 0
397.jpg 1 0 0.0 1 0.0 0 0 0 0 0 0 1 1
398.jpg 1 1 1.0 0 0.0 0 0 0 0 0 0 1 1
399.jpg 0 1 0.0 0 0.0 0 0 0 0 0 0 1 1
400.jpg 0 0 0.0 0 0.0 0 0 1 0 0 0 1 1
401.jpg 1 1 0.0 0 0.0 0 0 0 0 0 0 1 1
402.jpg 0 1 0.0 0 0.0 0 0 0 0 0 0 1 1
403.jpg 1 0 0.0 0 0.0 0 0 0 0 0 0 0 1
404.jpg 1 1 0.0 0 0.0 1 0 0 0 0 0 1 1
405.jpg 0 0 0.0 0 0.0 0 1 0 0 0 0 1 1
406.jpg 0 0 0.0 0 0.0 0 0 0 0 0 0 1 1
407.jpg 0 0 0.0 0 0.0 0 0 0 0 0 0 1 1
408.jpg 1 0 0.0 1 0.0 0 0 0 0 1 0 1 0
409.jpg 1 1 1.0 0 0.0 0 0 0 0 0 1 1 1
410.jpg 0 1 0.0 1 0.0 0 0 1 0 1 0 1 0
411.jpg 0 0 0.0 0 0.0 0 0 1 0 0 0 1 1
412.jpg 1 0 0.0 0 0.0 0 0 0 0 0 0 1 1
413.jpg 1 0 0.0 1 0.0 0 0 0 0 0 0 1 1
414.jpg 1 1 1.0 0 1.0 0 0 0 0 0 0 1 1
415.jpg 1 1 0.0 0 0.0 0 0 0 0 0 0 1 1
416.jpg 1 1 0.0 0 0.0 1 0 0 0 0 0 1 1
417.jpg 0 1 1.0 1 0.0 0 0 0 0 0 0 1 1
418.jpg 0 0 0.0 0 1.0 0 0 1 0 0 0 0 1
419.jpg 1 0 0.0 0 1.0 0 0 0 0 0 0 1 1
420.jpg 0 0 0.0 0 0.0 0 0 1 0 0 0 1 1
421.jpg 0 0 0.0 1 0.0 0 0 1 0 0 0 1 1
422.jpg 1 0 0.0 0 0.0 0 0 0 0 0 0 1 1
423.jpg 0 0 0.0 0 0.0 0 0 0 0 0 0 1 1
424.jpg 0 1 0.0 1 0.0 0 0 0 0 1 0 1 0
425.jpg 1 1 0.0 0 0.0 0 0 0 0 0 0 1 1
426.jpg 1 0 1.0 1 0.0 0 0 0 0 0 0 1 1
427.jpg 1 0 0.0 1 0.0 0 0 0 0 0 0 1 1
428.jpg 1 0 0.0 1 0.0 0 0 0 0 0 0 1 1
429.jpg 1 0 0.0 0 0.0 0 0 0 0 0 0 1 1
430.jpg 0 1 0.0 0 0.0 0 0 0 0 0 0 1 1
431.jpg 1 0 0.0 1 0.0 0 0 0 0 0 1 1 1
432.jpg 0 0 0.0 0 0.0 0 0 1 0 0 0 1 1
433.jpg 1 0 0.0 0 1.0 0 0 0 0 0 0 0 1
434.jpg 0 0 0.0 0 0.0 0 1 0 1 0 0 1 1
435.jpg 1 0 0.0 0 1.0 0 0 0 0 0 0 1 1
436.jpg 1 0 0.0 1 0.0 0 0 0 0 1 0 1 0
437.jpg 0 1 1.0 0 0.0 0 0 1 0 0 0 1 1
438.jpg 1 0 0.0 0 0.0 0 0 0 0 0 0 1 1
439.jpg 0 1 0.0 0 0.0 1 0 0 0 0 0 1 1
440.jpg 1 1 0.0 1 0.0 1 0 0 0 1 0 1 0
441.jpg 1 1 0.0 1 0.0 0 0 0 0 0 0 1 1
442.jpg 1 1 0.0 1 0.0 0 0 0 0 0 0 1 1
443.jpg 1 0 0.0 1 0.0 0 0 0 0 0 0 1 1
444.jpg 1 0 0.0 0 0.0 0 1 0 0 1 0 1 0
445.jpg 0 0 0.0 0 0.0 0 0 0 0 0 0 1 1
446.jpg 0 0 0.0 0 0.0 0 0 0 0 0 0 1 1
447.jpg 1 0 1.0 0 0.0 0 0 0 0 0 0 1 1
448.jpg 0 1 0.0 0 0.0 1 0 1 0 0 0 1 1
449.jpg 0 0 0.0 0 0.0 0 0 0 0 0 0 1 1
450.jpg 1 0 0.0 0 0.0 0 0 0 0 1 0 1 0
451.jpg 1 0 0.0 1 0.0 0 0 0 0 0 0 1 1
452.jpg 1 0 1.0 1 0.0 0 0 0 0 0 0 1 1
453.jpg 1 0 0.0 0 0.0 0 1 0 0 0 0 1 1
454.jpg 1 0 1.0 0 0.0 0 0 0 0 1 0 1 0
455.jpg 1 0 0.0 1 0.0 0 0 0 0 0 0 1 1
456.jpg 0 1 0.0 0 0.0 1 0 0 0 0 0 1 1
457.jpg 1 0 0.0 0 0.0 0 0 0 0 0 0 1 1
458.jpg 1 1 0.0 0 0.0 0 0 0 0 0 0 1 1
459.jpg 1 0 0.0 1 1.0 1 0 0 0 0 0 1 1
460.jpg 0 0 0.0 0 1.0 0 0 0 0 0 0 0 1
461.jpg 0 0 0.0 0 0.0 0 0 1 0 0 0 1 1
462.jpg 0 0 0.0 0 0.0 0 0 1 0 0 0 1 1
463.jpg 0 0 0.0 0 0.0 0 0 1 0 0 0 1 1
464.jpg 1 1 0.0 0 0.0 0 0 0 0 0 0 1 1
465.jpg 1 1 0.0 1 0.0 1 0 0 0 0 0 1 1
466.jpg 0 0 0.0 0 0.0 0 1 0 0 0 0 1 1
467.jpg 1 0 1.0 0 0.0 0 0 0 1 0 0 1 1
468.jpg 1 1 0.0 0 0.0 0 0 0 0 0 0 1 1
469.jpg 0 0 0.0 1 0.0 0 0 0 0 0 0 1 1
470.jpg 0 0 0.0 0 0.0 0 0 1 0 0 0 1 1
471.jpg 0 0 1.0 0 0.0 0 0 0 0 0 0 1 1
472.jpg 1 1 0.0 0 0.0 0 0 0 0 0 0 1 1
473.jpg 1 0 0.0 1 0.0 0 0 0 0 0 0 1 0
474.jpg 1 0 0.0 0 0.0 1 1 0 0 0 0 0 1
475.jpg 0 0 0.0 0 0.0 0 0 1 0 0 0 1 1
476.jpg 1 1 0.0 0 0.0 1 0 0 0 0 0 1 1
477.jpg 1 1 0.0 0 0.0 0 0 0 0 0 0 1 1
478.jpg 1 1 0.0 0 1.0 0 1 0 0 0 0 0 1
479.jpg 1 0 0.0 0 0.0 0 0 0 0 0 0 1 1
480.jpg 1 0 0.0 0 0.0 0 0 0 0 0 0 1 1
481.jpg 1 0 0.0 0 0.0 0 0 0 0 1 0 1 0
482.jpg 1 0 0.0 0 0.0 0 0 0 0 0 0 1 1
483.jpg 1 1 0.0 0 0.0 0 0 0 0 0 0 1 1
484.jpg 1 1 1.0 1 0.0 0 0 0 0 0 0 1 1
485.jpg 0 1 0.0 0 0.0 1 0 1 0 1 0 1 0
486.jpg 1 1 0.0 1 0.0 0 0 0 0 0 0 1 1
487.jpg 0 0 0.0 0 0.0 0 0 0 0 0 0 0 1
488.jpg 1 1 0.0 1 0.0 0 0 0 0 0 0 1 1
489.jpg 1 1 0.0 0 1.0 1 0 0 0 0 0 1 1
490.jpg 1 0 0.0 0 0.0 0 0 0 0 0 0 1 1
491.jpg 1 1 0.0 0 1.0 0 0 0 0 0 1 1 1
492.jpg 1 0 0.0 1 0.0 0 0 0 0 0 0 1 1
493.jpg 0 1 1.0 1 0.0 0 0 0 0 0 0 1 1
494.jpg 0 0 0.0 0 0.0 0 0 0 0 0 0 1 1
495.jpg 1 0 0.0 0 0.0 0 0 0 0 0 0 1 1
496.jpg 0 0 0.0 1 0.0 0 0 0 0 0 0 1 1
497.jpg 0 0 0.0 0 0.0 0 0 0 0 1 0 1 0
498.jpg 1 0 0.0 1 0.0 0 0 0 0 0 0 1 1
499.jpg 1 1 0.0 0 0.0 0 0 0 0 1 0 1 0
500.jpg 1 0 1.0 0 0.0 0 0 0 0 0 0 1 1
501.jpg 0 1 0.0 0 0.0 0 1 0 0 0 0 1 1
502.jpg 1 1 0.0 0 0.0 0 0 0 0 0 0 1 1
503.jpg 0 0 0.0 0 0.0 0 0 0 0 0 0 1 1
504.jpg 1 1 0.0 0 0.0 0 0 0 0 0 0 1 1
505.jpg 1 0 0.0 0 1.0 0 0 0 0 0 0 1 1
506.jpg 1 0 0.0 1 0.0 0 0 0 0 0 1 1 1
507.jpg 1 0 0.0 1 0.0 0 0 0 0 0 0 1 1
508.jpg 1 0 0.0 1 0.0 0 0 0 0 0 1 1 1
509.jpg 1 1 0.0 1 0.0 0 0 0 0 0 0 1 1
510.jpg 1 0 0.0 0 0.0 0 0 0 1 0 0 1 1
511.jpg 1 0 0.0 1 0.0 0 0 0 0 0 0 1 1
512.jpg 1 0 0.0 0 0.0 0 0 0 1 0 0 1 1
513.jpg 1 0 0.0 0 0.0 0 0 0 0 0 0 1 1
514.jpg 1 1 1.0 1 0.0 0 0 0 0 0 0 1 1
515.jpg 0 1 0.0 0 0.0 1 1 1 0 0 0 1 1
516.jpg 1 0 0.0 0 0.0 0 0 0 0 0 0 1 1
517.jpg 1 1 0.0 0 0.0 0 0 0 0 0 0 0 1
518.jpg 0 0 0.0 0 0.0 0 0 1 0 1 0 1 0
519.jpg 1 0 0.0 1 0.0 0 0 0 0 1 0 1 0
520.jpg 0 1 0.0 0 0.0 1 0 0 0 0 0 1 1
521.jpg 1 1 1.0 0 0.0 0 0 0 0 0 0 1 1
522.jpg 0 0 0.0 0 0.0 0 0 0 0 0 0 1 1
523.jpg 1 0 1.0 1 0.0 0 0 0 0 0 0 1 1
524.jpg 1 0 0.0 0 0.0 0 0 0 0 0 0 1 1
525.jpg 1 1 0.0 0 0.0 0 0 0 0 0 0 1 1
526.jpg 1 0 0.0 0 0.0 0 0 0 0 0 0 1 1
527.jpg 1 0 0.0 1 0.0 0 0 0 0 0 0 1 1
528.jpg 0 0 0.0 0 0.0 0 0 1 0 0 0 1 1
529.jpg 1 0 0.0 1 1.0 0 0 0 0 1 0 1 0
530.jpg 1 0 0.0 1 0.0 0 0 0 0 0 0 1 1
531.jpg 1 0 0.0 0 0.0 0 0 0 0 0 0 1 1
532.jpg 1 0 0.0 0 0.0 0 0 0 0 0 0 1 1
533.jpg 1 0 0.0 0 0.0 0 0 0 0 0 0 1 1
534.jpg 0 0 0.0 1 0.0 0 0 0 1 0 0 1 1
535.jpg 0 0 0.0 0 0.0 0 0 0 1 0 0 1 1
536.jpg 1 0 0.0 0 0.0 0 0 0 0 0 0 1 1
537.jpg 0 1 0.0 0 0.0 0 0 0 0 0 0 1 1
538.jpg 0 0 0.0 0 0.0 0 0 0 0 0 0 1 1
539.jpg 0 0 0.0 0 0.0 1 0 0 0 0 0 1 1
540.jpg 1 0 0.0 1 0.0 0 0 0 0 0 0 1 1
541.jpg 1 1 0.0 1 0.0 0 0 0 0 0 0 1 1
542.jpg 0 1 0.0 0 0.0 0 0 0 0 0 0 1 1
543.jpg 1 0 0.0 0 0.0 0 0 0 0 0 0 1 1
544.jpg 0 1 0.0 1 0.0 1 0 0 0 0 1 1 1
545.jpg 1 0 0.0 0 0.0 0 1 0 0 0 0 1 1
546.jpg 1 1 0.0 1 0.0 1 0 0 0 0 0 1 1
547.jpg 1 0 0.0 0 0.0 0 0 0 0 0 0 1 1
548.jpg 1 0 0.0 0 0.0 0 0 0 0 0 0 1 1
549.jpg 1 0 0.0 0 0.0 0 0 0 0 0 0 1 1
550.jpg 1 1 0.0 0 0.0 0 0 0 0 0 0 1 1
551.jpg 1 0 0.0 1 0.0 0 0 0 0 0 0 1 1
552.jpg 1 0 0.0 0 0.0 0 0 0 0 0 0 1 1
553.jpg 0 1 0.0 0 0.0 1 0 0 0 0 0 1 1
554.jpg 1 1 0.0 0 0.0 1 0 0 0 0 0 1 1
555.jpg 0 1 0.0 0 1.0 1 0 1 0 0 0 0 1
556.jpg 1 1 0.0 1 0.0 0 0 0 0 0 0 1 1
557.jpg 0 1 0.0 0 0.0 0 0 0 0 0 0 1 1
558.jpg 1 1 1.0 0 0.0 0 0 0 0 0 0 1 1
559.jpg 0 0 0.0 0 1.0 0 0 0 0 0 0 1 1
560.jpg 1 0 0.0 0 0.0 0 0 0 0 0 0 1 1
561.jpg 0 1 1.0 0 0.0 0 0 0 0 0 0 1 1
562.jpg 0 1 0.0 0 0.0 0 0 0 0 0 0 1 1
563.jpg 0 0 0.0 0 1.0 0 0 0 1 0 0 1 1
564.jpg 1 0 0.0 0 0.0 0 1 0 0 0 0 1 1
565.jpg 1 0 0.0 0 0.0 0 0 0 0 0 0 1 1
566.jpg 1 0 1.0 0 0.0 0 0 0 0 0 0 1 1
567.jpg 1 1 1.0 0 0.0 0 0 0 0 0 0 1 1
568.jpg 1 0 0.0 1 0.0 0 0 0 0 0 0 1 1
569.jpg 0 1 0.0 0 0.0 1 0 0 0 0 0 0 1
570.jpg 1 1 0.0 0 0.0 1 0 0 0 0 0 1 1
571.jpg 1 1 0.0 0 0.0 0 0 0 0 1 0 1 0
572.jpg 0 1 0.0 0 0.0 0 0 0 0 0 0 1 1
573.jpg 0 0 0.0 1 0.0 0 0 0 0 0 0 1 1
574.jpg 0 0 0.0 0 0.0 0 1 0 0 0 0 0 1
575.jpg 1 1 1.0 0 0.0 0 0 0 0 0 0 1 1
576.jpg 0 1 1.0 0 0.0 0 0 0 0 0 0 1 1
577.jpg 1 1 1.0 0 1.0 1 1 0 0 0 0 1 1
578.jpg 0 0 0.0 0 0.0 0 0 0 0 0 0 1 1
579.jpg 0 0 0.0 0 0.0 0 0 0 0 0 0 1 1
580.jpg 1 1 0.0 0 0.0 0 0 0 0 0 0 1 1
581.jpg 0 0 0.0 0 0.0 0 0 0 0 0 0 1 1
582.jpg 1 1 1.0 0 0.0 0 0 0 0 0 0 1 1
583.jpg 1 0 0.0 0 0.0 0 0 0 1 0 0 1 1
584.jpg 0 0 0.0 0 0.0 0 0 1 0 0 0 1 1
585.jpg 1 1 0.0 0 0.0 1 0 0 0 0 0 1 1
586.jpg 1 1 1.0 1 0.0 1 0 0 0 0 0 1 1
587.jpg 0 0 0.0 1 0.0 0 0 0 0 0 0 1 1
588.jpg 1 1 0.0 0 0.0 1 0 0 0 0 0 1 1
589.jpg 0 0 0.0 0 0.0 0 0 1 0 0 0 1 1
590.jpg 1 0 0.0 1 0.0 0 0 0 0 0 0 1 1
591.jpg 1 1 0.0 0 0.0 0 0 0 0 0 0 1 1
592.jpg 0 1 0.0 0 0.0 1 0 1 0 0 0 1 1
593.jpg 1 0 0.0 0 0.0 0 0 0 0 0 0 1 1
594.jpg 1 1 0.0 1 0.0 1 0 0 0 0 0 1 1
595.jpg 0 0 0.0 0 1.0 0 0 1 0 0 0 1 1
596.jpg 1 0 0.0 1 0.0 0 0 0 0 0 0 1 1
597.jpg 1 0 0.0 0 0.0 0 0 0 0 0 0 1 1
598.jpg 1 0 0.0 0 1.0 0 0 0 0 1 0 0 0
599.jpg 1 1 1.0 0 0.0 1 0 0 0 0 0 1 1
600.jpg 0 0 0.0 0 0.0 0 0 1 0 0 0 1 1
601.jpg 1 1 0.0 0 0.0 0 0 0 0 0 0 1 1
602.jpg 1 1 1.0 1 0.0 0 0 0 0 0 0 1 1
603.jpg 1 0 0.0 1 0.0 0 0 0 0 0 0 1 1
604.jpg 0 1 0.0 0 0.0 1 0 0 0 0 1 1 1
605.jpg 1 1 1.0 0 0.0 0 0 0 0 0 0 1 1
606.jpg 1 0 0.0 0 0.0 0 0 0 0 0 0 1 1
607.jpg 0 0 0.0 0 0.0 0 0 0 0 0 0 1 1
608.jpg 0 0 0.0 1 0.0 0 0 0 0 0 0 1 1
609.jpg 0 0 0.0 0 0.0 0 0 0 0 0 0 1 1
610.jpg 0 0 0.0 0 0.0 0 0 0 0 0 0 1 1
611.jpg 1 0 0.0 1 0.0 0 0 0 0 0 0 1 1
612.jpg 0 1 0.0 0 0.0 1 0 1 0 0 0 1 1
613.jpg 0 1 0.0 0 0.0 0 0 0 0 0 0 1 1
614.jpg 0 1 0.0 0 0.0 0 0 0 0 0 1 1 1
615.jpg 1 1 1.0 1 1.0 1 0 0 0 0 0 1 1
616.jpg 1 0 0.0 0 1.0 0 0 0 0 0 1 0 1
617.jpg 0 0 0.0 1 0.0 0 0 1 0 0 0 1 1
618.jpg 0 0 0.0 0 0.0 0 0 0 0 0 0 1 1
619.jpg 1 0 0.0 0 0.0 0 0 0 0 0 0 1 1
620.jpg 1 1 0.0 0 0.0 1 0 0 0 0 0 1 1
621.jpg 1 0 0.0 0 0.0 0 0 0 0 0 0 1 1
622.jpg 0 0 0.0 0 0.0 0 0 0 0 0 0 1 1
623.jpg 0 0 0.0 0 0.0 0 0 1 0 0 0 1 1
624.jpg 1 0 1.0 0 0.0 0 0 0 0 0 0 1 1
625.jpg 1 0 0.0 1 0.0 1 0 0 0 0 0 1 1
626.jpg 1 0 0.0 0 0.0 0 0 0 0 0 0 1 1
627.jpg 1 0 0.0 0 0.0 0 0 0 0 0 0 1 1
628.jpg 1 0 0.0 1 0.0 0 0 0 0 0 0 1 1
629.jpg 1 1 0.0 1 0.0 1 0 0 1 0 0 1 1
630.jpg 1 0 0.0 1 0.0 0 0 0 0 0 0 1 1
631.jpg 1 0 0.0 0 0.0 0 0 0 0 0 0 1 1
632.jpg 0 0 0.0 0 0.0 0 0 0 0 0 0 1 1
633.jpg 1 0 0.0 0 0.0 0 0 0 0 1 0 1 1
634.jpg 0 1 1.0 1 1.0 0 0 0 0 0 0 0 1
635.jpg 1 0 0.0 0 0.0 0 0 0 0 0 0 1 1
636.jpg 0 0 0.0 0 0.0 0 0 1 0 1 0 1 0
637.jpg 1 0 0.0 0 0.0 0 0 0 0 1 0 1 0
638.jpg 0 0 0.0 0 0.0 0 0 0 0 0 0 1 1
639.jpg 1 0 0.0 0 0.0 0 0 0 0 0 0 1 1
640.jpg 1 0 0.0 1 0.0 0 0 0 0 0 0 1 1
641.jpg 1 1 0.0 1 0.0 0 0 0 0 0 0 1 1
642.jpg 0 0 0.0 0 0.0 0 1 0 0 1 0 1 0
643.jpg 1 0 0.0 1 0.0 0 0 0 0 0 0 1 1
644.jpg 0 0 0.0 0 0.0 0 0 0 0 0 0 1 1
645.jpg 1 0 0.0 1 0.0 0 0 0 0 0 0 1 1
646.jpg 0 0 0.0 0 0.0 0 0 0 0 1 0 1 0
647.jpg 0 0 0.0 0 0.0 0 0 1 0 1 0 1 0
648.jpg 1 0 1.0 1 0.0 0 0 0 0 0 0 1 1
649.jpg 1 1 0.0 0 1.0 0 0 0 0 0 0 0 1
650.jpg 1 1 1.0 0 0.0 0 0 0 0 0 0 1 1
651.jpg 1 1 0.0 1 0.0 0 0 0 0 0 0 1 1
652.jpg 1 0 0.0 0 0.0 0 0 0 0 0 0 1 1
653.jpg 0 1 0.0 0 0.0 0 0 0 0 0 0 1 1
654.jpg 1 1 0.0 0 0.0 0 0 0 0 1 0 1 0
655.jpg 1 0 0.0 1 0.0 0 0 0 0 0 0 1 1
656.jpg 1 1 0.0 0 0.0 1 0 0 0 0 0 1 1
657.jpg 1 0 1.0 0 0.0 0 0 0 0 0 0 1 1
658.jpg 0 0 0.0 0 0.0 0 0 1 0 0 0 1 1
659.jpg 1 1 0.0 0 0.0 0 0 0 0 0 0 1 1
660.jpg 0 0 0.0 0 0.0 0 0 0 0 0 0 1 1
661.jpg 1 0 0.0 0 0.0 0 0 0 0 0 0 1 1
662.jpg 0 0 0.0 0 0.0 0 0 0 0 1 0 1 1
663.jpg 1 1 0.0 0 0.0 0 0 0 0 0 0 1 1
664.jpg 1 1 0.0 0 0.0 0 0 0 0 1 0 1 0
665.jpg 1 0 0.0 0 0.0 0 0 0 0 0 0 1 1
666.jpg 1 0 0.0 0 0.0 0 0 0 0 0 0 1 1
667.jpg 1 0 0.0 1 0.0 0 0 0 0 0 0 1 1
668.jpg 1 0 0.0 0 0.0 0 0 0 0 0 0 1 1
669.jpg 1 0 0.0 0 0.0 0 0 0 0 0 0 1 1
670.jpg 0 0 0.0 0 0.0 0 0 1 0 1 0 1 0
671.jpg 0 1 0.0 0 0.0 0 0 0 0 0 0 1 1
672.jpg 0 1 0.0 0 0.0 1 0 0 0 0 0 1 1
673.jpg 1 0 1.0 1 0.0 0 0 0 0 0 0 1 1
674.jpg 1 0 1.0 0 0.0 0 0 0 0 0 0 1 1
675.jpg 0 1 0.0 1 0.0 0 0 0 0 0 0 1 1
676.jpg 1 1 0.0 1 0.0 0 0 0 0 0 0 1 1
677.jpg 1 0 0.0 1 0.0 0 0 0 0 0 0 1 1
678.jpg 1 0 0.0 0 1.0 0 0 0 0 0 0 1 1
679.jpg 1 0 0.0 0 0.0 0 0 0 0 0 0 1 1
680.jpg 1 0 0.0 0 0.0 0 0 0 0 0 0 1 1
681.jpg 0 0 0.0 0 0.0 0 0 0 0 0 0 1 1
682.jpg 0 0 0.0 0 0.0 0 0 1 0 0 0 1 1
683.jpg 1 0 0.0 0 0.0 0 0 0 0 0 0 1 1
684.jpg 0 1 0.0 0 0.0 0 0 1 0 0 0 1 1
685.jpg 1 0 1.0 0 0.0 0 0 0 0 0 0 1 1
686.jpg 1 0 0.0 1 0.0 0 0 0 0 0 0 1 1
687.jpg 1 0 0.0 1 0.0 0 0 0 0 0 0 1 1
688.jpg 0 0 0.0 0 0.0 0 0 0 0 0 0 1 1
689.jpg 0 0 0.0 0 0.0 0 0 1 1 0 0 1 1
690.jpg 1 0 1.0 0 0.0 0 0 0 0 0 0 1 1
691.jpg 0 0 0.0 0 1.0 0 1 1 0 0 0 0 0
692.jpg 1 0 0.0 0 0.0 0 0 0 0 0 0 1 1
693.jpg 0 1 0.0 0 1.0 0 1 0 0 0 0 1 1
694.jpg 0 0 0.0 0 0.0 0 0 0 0 0 0 1 0
695.jpg 0 0 0.0 1 0.0 0 0 0 0 0 0 1 1
696.jpg 1 1 1.0 1 0.0 0 0 0 0 0 0 1 1
697.jpg 0 1 0.0 0 1.0 0 0 0 0 0 0 0 1
698.jpg 0 0 0.0 0 0.0 0 0 0 0 0 0 1 1
699.jpg 1 0 0.0 1 0.0 0 0 0 0 0 0 1 1
700.jpg 0 1 0.0 1 0.0 0 0 0 0 0 0 1 1
701.jpg 0 0 0.0 0 1.0 0 0 0 0 0 0 1 1
702.jpg 0 0 0.0 0 0.0 0 0 1 0 0 0 1 1
703.jpg 0 0 0.0 0 0.0 0 0 0 0 0 0 1 1
704.jpg 0 0 0.0 0 0.0 0 1 0 0 1 0 0 1
705.jpg 1 0 1.0 0 0.0 0 0 0 0 0 0 1 1
706.jpg 0 1 0.0 0 0.0 0 0 0 0 0 0 1 1
707.jpg 0 0 1.0 0 0.0 0 0 0 0 0 0 1 1
708.jpg 0 0 1.0 0 0.0 0 0 0 0 0 0 1 1
709.jpg 0 1 0.0 0 0.0 1 0 0 0 0 0 1 1
710.jpg 1 0 0.0 0 0.0 0 0 0 0 1 0 1 0
711.jpg 0 0 0.0 0 0.0 0 0 0 0 1 0 1 0
712.jpg 0 0 0.0 0 0.0 0 0 0 0 0 0 1 0
713.jpg 0 0 0.0 0 0.0 0 0 0 0 0 0 1 1
714.jpg 0 0 0.0 0 0.0 0 0 0 0 0 0 1 0
715.jpg 0 0 0.0 0 0.0 0 0 1 0 0 0 1 1
716.jpg 1 0 1.0 0 1.0 0 0 0 1 0 0 0 1
717.jpg 0 0 0.0 0 0.0 0 0 0 0 0 0 1 1
718.jpg 0 0 0.0 1 0.0 0 0 0 0 0 0 1 0
719.jpg 0 0 0.0 0 0.0 0 0 0 0 0 0 1 1
720.jpg 0 0 0.0 0 0.0 0 0 0 0 0 0 1 1
721.jpg 0 1 1.0 0 0.0 0 0 0 0 0 0 1 1
722.jpg 0 0 0.0 0 0.0 0 0 0 0 0 0 1 1
723.jpg 0 0 0.0 0 0.0 0 0 0 0 1 0 1 1
724.jpg 0 0 0.0 0 0.0 0 0 0 0 0 0 1 1
725.jpg 0 0 0.0 0 0.0 0 0 0 0 0 0 1 1
726.jpg 0 0 0.0 0 0.0 0 0 0 0 0 0 1 1
727.jpg 0 0 0.0 0 0.0 0 0 0 0 0 0 1 1
728.jpg 0 0 0.0 0 0.0 0 1 0 0 0 0 0 1
729.jpg 0 0 0.0 0 0.0 0 0 0 0 0 0 1 1
730.jpg 1 0 0.0 0 0.0 0 0 0 0 0 0 1 1
731.jpg 0 0 0.0 0 0.0 0 0 0 0 0 0 1 1
732.jpg 0 0 0.0 0 0.0 0 0 0 0 0 0 1 1
733.jpg 0 0 0.0 0 0.0 0 0 0 0 0 0 1 1
734.jpg 0 0 0.0 0 0.0 0 0 0 0 0 0 1 1
735.jpg 0 0 0.0 0 0.0 1 0 0 0 1 0 1 1
736.jpg 0 1 0.0 0 0.0 1 0 0 0 0 0 1 1
737.jpg 0 0 0.0 0 0.0 0 0 0 0 0 0 1 1
738.jpg 0 0 0.0 0 0.0 0 1 0 0 0 0 0 1
739.jpg 0 0 1.0 0 0.0 1 0 0 0 0 0 1 1
740.jpg 1 0 0.0 0 0.0 0 0 0 0 0 0 1 1
741.jpg 0 0 1.0 0 0.0 0 0 0 0 0 0 1 1
742.jpg 0 0 0.0 0 0.0 1 0 0 0 0 0 1 1
743.jpg 0 1 1.0 0 0.0 0 0 0 0 0 0 1 1
744.jpg 0 0 1.0 0 0.0 0 0 0 0 0 0 1 1
745.jpg 0 0 0.0 0 0.0 0 0 0 0 0 0 1 0
746.jpg 0 0 0.0 0 0.0 0 0 0 0 0 0 1 1
747.jpg 1 0 1.0 0 0.0 0 0 0 0 0 0 1 1
748.jpg 0 1 1.0 0 1.0 1 0 0 1 0 0 1 1
749.jpg 0 0 0.0 0 0.0 0 0 0 0 0 0 1 1
750.jpg 0 0 0.0 0 0.0 1 0 0 0 0 0 1 1
751.jpg 0 0 0.0 0 0.0 0 0 1 0 1 0 1 1
752.jpg 0 0 1.0 0 0.0 0 0 0 0 0 0 1 1
753.jpg 0 0 0.0 0 0.0 0 0 0 0 0 0 1 1
754.jpg 0 0 0.0 0 0.0 0 0 0 0 0 0 1 1
755.jpg 0 0 0.0 0 0.0 0 0 0 0 0 0 1 1
756.jpg 0 0 0.0 0 0.0 1 0 0 0 0 0 1 1
757.jpg 1 0 0.0 0 0.0 0 0 0 0 0 0 1 1
758.jpg 0 0 0.0 0 0.0 0 0 0 0 0 0 1 1
759.jpg 0 0 0.0 0 0.0 0 0 1 0 0 0 1 1
760.jpg 0 1 1.0 0 0.0 0 0 0 0 1 0 1 0
761.jpg 0 0 0.0 0 0.0 0 0 0 0 0 0 1 1
762.jpg 0 0 0.0 0 0.0 1 0 0 0 0 0 1 1
763.jpg 0 0 0.0 0 1.0 0 0 0 0 1 0 0 1
764.jpg 0 0 1.0 0 0.0 0 0 0 0 0 0 1 1
765.jpg 0 1 1.0 0 0.0 0 0 0 0 0 0 1 1
766.jpg 0 0 1.0 0 0.0 0 0 0 0 0 0 1 1
767.jpg 1 0 1.0 0 0.0 0 0 0 0 0 0 1 1
768.jpg 0 0 0.0 0 0.0 1 1 0 0 0 0 0 1
769.jpg 0 0 0.0 0 0.0 1 0 0 0 0 0 1 1
770.jpg 0 0 0.0 0 0.0 0 0 0 0 0 0 1 1
771.jpg 0 0 0.0 0 0.0 0 1 0 0 0 0 0 1
772.jpg 0 0 1.0 0 0.0 0 0 0 0 0 0 1 1
773.jpg 0 0 0.0 0 0.0 0 0 0 0 0 1 1 1
774.jpg 1 0 1.0 0 0.0 0 0 0 0 0 0 1 1
775.jpg 0 0 1.0 0 0.0 0 0 0 0 0 0 1 1
776.jpg 0 0 0.0 0 0.0 0 0 0 0 0 0 1 1
777.jpg 0 0 0.0 0 0.0 0 0 1 0 0 0 1 1
778.jpg 0 0 0.0 0 1.0 0 1 0 0 0 0 0 1
779.jpg 0 0 0.0 0 0.0 0 0 0 0 0 0 1 1
780.jpg 0 0 0.0 0 0.0 0 0 0 0 0 0 1 1
781.jpg 1 0 1.0 0 0.0 0 0 0 0 0 0 1 1
782.jpg 1 0 1.0 0 0.0 0 0 0 0 0 0 1 1
783.jpg 0 0 0.0 0 0.0 0 0 0 0 0 0 1 1
784.jpg 1 0 0.0 0 0.0 0 0 0 0 0 0 1 1
785.jpg 0 0 0.0 0 0.0 0 1 0 0 0 0 0 1
786.jpg 0 1 0.0 0 0.0 0 0 1 0 1 0 1 0
787.jpg 0 0 0.0 0 0.0 0 0 0 0 0 0 1 1
788.jpg 1 0 1.0 0 0.0 0 0 0 0 0 0 1 1
789.jpg 1 0 1.0 0 0.0 0 0 0 0 0 0 1 1
790.jpg 0 0 0.0 0 0.0 0 0 0 0 0 0 1 1
791.jpg 1 0 0.0 0 0.0 0 0 0 0 1 0 1 0
792.jpg 0 0 0.0 0 0.0 0 0 0 0 0 0 1 1
793.jpg 0 0 0.0 0 1.0 0 0 0 1 0 0 1 1
794.jpg 0 0 0.0 0 1.0 0 1 0 1 0 0 0 1
795.jpg 0 1 0.0 0 0.0 0 0 0 0 0 0 1 1
796.jpg 0 0 0.0 0 0.0 0 0 0 1 0 0 1 1
797.jpg 0 0 0.0 0 0.0 0 0 0 0 0 0 1 1
798.jpg 0 0 0.0 0 0.0 0 0 0 0 0 0 1 1
799.jpg 0 1 1.0 0 0.0 0 0 0 0 0 0 1 1
800.jpg 1 0 1.0 0 0.0 0 0 0 0 0 0 1 1
801.jpg 0 0 0.0 0 0.0 0 0 0 0 0 0 1 1
802.jpg 1 0 0.0 0 1.0 0 0 0 1 0 0 0 1
803.jpg 1 0 0.0 0 0.0 0 0 0 0 0 0 1 1
804.jpg 0 0 0.0 0 0.0 0 0 0 0 0 0 1 1
805.jpg 0 1 1.0 0 0.0 0 0 0 0 0 0 1 1
806.jpg 0 0 0.0 0 0.0 0 0 0 0 0 0 1 1
807.jpg 1 0 0.0 0 0.0 0 0 0 0 0 0 1 1
808.jpg 1 0 0.0 0 0.0 0 0 0 0 0 0 1 1
809.jpg 1 0 0.0 0 0.0 0 0 0 0 0 0 1 1
810.jpg 1 0 0.0 0 0.0 0 0 0 1 0 0 1 1
811.jpg 0 0 1.0 0 0.0 0 0 0 0 0 0 1 1
812.jpg 0 0 0.0 0 0.0 0 0 0 0 0 0 1 1
813.jpg 0 0 0.0 0 0.0 0 0 1 0 1 0 1 1
814.jpg 0 0 0.0 0 0.0 0 0 0 0 0 0 1 1
815.jpg 0 0 0.0 0 0.0 0 0 0 0 0 0 1 1
816.jpg 0 0 0.0 0 0.0 0 0 0 0 1 0 1 0
817.jpg 0 0 0.0 0 0.0 0 0 0 0 0 0 1 1
818.jpg 0 1 0.0 0 0.0 0 0 0 0 0 0 1 1
819.jpg 0 0 0.0 1 0.0 0 0 0 0 0 0 1 1
820.jpg 0 0 0.0 0 0.0 0 0 0 0 0 0 1 1
821.jpg 0 0 0.0 0 0.0 0 0 0 0 0 0 1 1
822.jpg 1 0 0.0 0 0.0 0 0 0 0 0 0 1 1
823.jpg 0 0 0.0 0 0.0 0 0 0 0 0 0 1 1
824.jpg 1 0 0.0 0 0.0 0 0 0 0 0 0 1 1
825.jpg 0 1 0.0 1 0.0 0 0 0 0 0 0 1 1
826.jpg 0 1 0.0 0 1.0 0 0 0 1 0 0 1 1
827.jpg 1 0 0.0 0 0.0 1 0 0 0 0 0 1 1
828.jpg 0 1 1.0 0 0.0 0 0 1 0 0 0 1 1
829.jpg 1 0 1.0 0 0.0 0 0 0 0 0 0 1 1
830.jpg 0 1 0.0 0 0.0 1 0 0 0 0 0 1 1
831.jpg 1 0 0.0 0 0.0 0 0 0 0 0 0 1 1
832.jpg 0 0 0.0 0 0.0 0 0 0 1 0 0 0 1
833.jpg 0 0 1.0 1 0.0 0 0 0 0 0 0 1 1
834.jpg 0 0 0.0 0 0.0 0 0 0 0 0 0 1 1
835.jpg 0 0 0.0 0 0.0 0 0 0 0 0 0 1 1
836.jpg 0 0 1.0 0 0.0 0 0 0 0 0 0 1 1
837.jpg 1 0 1.0 0 0.0 0 0 0 0 0 0 1 1
838.jpg 1 0 1.0 0 0.0 0 0 0 0 0 0 1 1
839.jpg 1 0 0.0 0 1.0 0 0 0 1 0 0 1 1
840.jpg 0 0 0.0 0 0.0 0 0 0 0 1 0 1 1
841.jpg 0 0 0.0 1 0.0 0 0 1 1 0 0 1 1
842.jpg 1 0 1.0 0 0.0 0 0 0 0 0 0 1 1
843.jpg 0 0 0.0 0 0.0 0 0 0 0 0 0 1 1
844.jpg 1 0 0.0 0 0.0 0 0 0 0 0 0 1 1
845.jpg 0 0 0.0 0 0.0 0 0 0 0 0 0 1 1
846.jpg 0 0 0.0 1 0.0 0 0 1 0 0 0 1 1
847.jpg 0 1 1.0 0 0.0 0 1 0 0 0 0 0 1
848.jpg 0 0 0.0 0 1.0 0 0 0 1 0 0 0 1
849.jpg 0 0 0.0 0 0.0 0 0 0 0 1 0 1 0
850.jpg 0 0 0.0 0 0.0 0 0 0 0 1 0 1 0
851.jpg 0 0 0.0 0 0.0 0 0 0 0 0 0 1 1
852.jpg 0 0 0.0 0 0.0 0 0 0 0 1 0 1 0
853.jpg 0 0 0.0 0 0.0 0 0 0 0 0 0 1 1
854.jpg 0 0 0.0 1 0.0 0 0 0 0 1 0 1 0
855.jpg 1 0 0.0 0 0.0 0 0 0 0 0 0 1 1
856.jpg 1 0 0.0 0 0.0 0 0 0 0 0 0 1 1
857.jpg 0 0 0.0 0 0.0 0 0 0 0 0 0 1 1
858.jpg 0 0 0.0 0 0.0 0 0 0 0 0 0 1 1
859.jpg 1 0 1.0 0 0.0 0 0 0 0 0 0 1 1
860.jpg 0 1 0.0 0 0.0 0 0 0 0 0 0 1 1
861.jpg 0 1 0.0 0 0.0 0 0 0 0 0 0 1 1
862.jpg 0 0 0.0 0 0.0 1 0 0 0 0 0 1 1
863.jpg 0 0 0.0 0 0.0 0 0 0 0 0 0 1 1
864.jpg 0 0 1.0 0 0.0 0 0 0 0 0 0 1 1
865.jpg 0 1 0.0 0 0.0 0 0 0 0 0 0 1 1
866.jpg 0 0 0.0 0 0.0 0 0 0 0 1 0 1 1
867.jpg 0 0 1.0 0 0.0 0 0 0 0 1 0 1 0
868.jpg 1 0 0.0 0 0.0 1 1 0 0 0 0 0 1
869.jpg 0 0 0.0 0 0.0 0 0 0 0 0 0 1 1
870.jpg 0 0 0.0 0 0.0 0 0 0 0 0 0 1 1
871.jpg 1 0 1.0 0 0.0 0 0 0 0 0 0 1 1
872.jpg 0 0 0.0 0 0.0 0 0 0 0 0 0 1 1
873.jpg 0 0 0.0 0 0.0 0 0 0 0 1 0 1 0
874.jpg 0 0 0.0 0 0.0 0 0 0 0 1 0 1 0
875.jpg 1 1 1.0 1 0.0 0 0 0 0 0 0 1 1
876.jpg 1 0 1.0 0 0.0 0 0 0 0 0 0 1 1
877.jpg 0 0 0.0 0 0.0 0 0 1 0 1 0 1 0
878.jpg 0 0 1.0 0 0.0 1 0 0 0 1 0 1 1
879.jpg 0 0 0.0 0 0.0 0 0 0 0 0 0 1 0
880.jpg 0 0 0.0 0 0.0 0 0 0 0 0 0 1 1
881.jpg 0 0 0.0 0 0.0 0 0 0 0 0 0 1 1
882.jpg 0 0 0.0 0 0.0 0 0 0 0 0 0 1 1
883.jpg 1 0 0.0 0 0.0 0 0 0 0 0 0 1 1
884.jpg 0 0 0.0 0 0.0 1 0 0 0 0 0 1 1
885.jpg 0 1 1.0 0 0.0 0 0 0 0 1 0 1 0
886.jpg 1 0 1.0 0 0.0 0 0 0 0 1 0 1 1
887.jpg 0 0 0.0 0 0.0 0 0 0 0 0 0 1 1
888.jpg 0 0 0.0 0 0.0 0 0 0 0 1 0 1 1
889.jpg 0 0 0.0 0 1.0 0 0 0 1 1 0 0 1
890.jpg 1 0 1.0 0 0.0 0 0 0 0 0 0 1 1
891.jpg 0 0 1.0 0 0.0 0 0 0 0 0 0 1 1
892.jpg 0 1 1.0 0 0.0 1 0 0 1 1 0 1 0
893.jpg 0 0 0.0 0 0.0 1 1 0 0 0 0 0 1
894.jpg 0 0 0.0 0 1.0 1 0 0 0 0 0 1 1
895.jpg 0 0 1.0 0 1.0 0 0 0 0 0 0 0 1
896.jpg 1 0 1.0 0 0.0 1 0 0 0 0 0 1 1
897.jpg 0 0 0.0 0 1.0 0 0 0 1 0 0 0 1
898.jpg 0 0 0.0 0 0.0 0 0 0 0 0 0 1 1
899.jpg 0 0 0.0 0 1.0 0 0 0 0 0 0 1 1
900.jpg 0 0 0.0 0 0.0 0 0 0 0 0 0 1 1
901.jpg 0 0 0.0 0 0.0 0 0 0 0 0 0 1 0
902.jpg 0 0 0.0 0 0.0 0 0 0 1 0 0 0 1
903.jpg 0 0 0.0 0 0.0 0 0 0 1 0 0 1 1
904.jpg 0 0 1.0 0 0.0 0 0 0 0 0 0 1 1
905.jpg 1 0 0.0 0 0.0 0 0 0 0 1 0 1 1
906.jpg 0 0 0.0 0 0.0 0 0 0 0 0 0 1 0
907.jpg 0 0 1.0 0 1.0 0 0 0 0 0 0 1 1
908.jpg 0 0 0.0 0 0.0 0 0 0 0 1 1 1 0
909.jpg 0 0 0.0 0 0.0 0 0 1 0 0 0 1 1
910.jpg 0 0 0.0 0 0.0 0 0 0 1 1 0 1 1
911.jpg 0 0 0.0 0 1.0 0 0 0 1 0 0 0 1
912.jpg 0 0 0.0 0 0.0 0 0 0 0 1 0 1 1
913.jpg 0 0 0.0 0 0.0 0 0 0 0 0 0 1 1
914.jpg 0 1 0.0 0 0.0 1 0 0 0 0 0 1 1
915.jpg 1 0 0.0 0 0.0 0 0 0 0 1 0 1 1
916.jpg 0 1 0.0 0 0.0 0 0 0 1 1 0 0 0
917.jpg 0 0 0.0 0 0.0 0 0 0 0 1 0 1 0
918.jpg 0 0 1.0 0 0.0 0 0 0 0 1 0 1 0
919.jpg 0 0 0.0 0 1.0 0 0 1 1 0 0 0 1
920.jpg 1 0 1.0 0 0.0 0 0 0 1 0 0 0 1
921.jpg 0 0 0.0 0 0.0 0 0 0 0 0 0 1 1
922.jpg 0 0 0.0 0 0.0 0 0 0 0 0 0 1 1
923.jpg 0 0 0.0 0 0.0 0 0 0 0 0 0 1 1
924.jpg 0 0 0.0 0 0.0 0 0 0 0 0 0 1 1
925.jpg 1 0 0.0 0 0.0 0 0 0 0 0 0 1 1
926.jpg 0 0 0.0 0 0.0 0 0 0 0 1 0 1 1
927.jpg 0 1 0.0 0 0.0 0 0 0 0 0 0 1 1
928.jpg 0 0 0.0 0 0.0 0 0 0 0 1 0 0 0
929.jpg 0 1 1.0 0 0.0 0 0 0 0 0 0 1 1
930.jpg 0 1 1.0 0 0.0 0 0 0 0 0 0 1 1
931.jpg 0 0 1.0 0 0.0 0 0 0 0 0 0 1 1
932.jpg 1 0 1.0 0 0.0 0 0 0 0 0 0 1 1
933.jpg 0 0 0.0 0 0.0 0 0 0 0 1 0 1 0
934.jpg 0 0 0.0 0 0.0 0 0 0 0 0 0 1 1
935.jpg 0 0 1.0 0 0.0 0 0 0 0 0 0 1 1
936.jpg 0 0 0.0 0 0.0 0 1 0 0 0 0 0 1
937.jpg 0 1 1.0 0 0.0 1 0 0 0 0 0 1 1
938.jpg 0 1 0.0 0 0.0 0 0 0 0 0 0 1 1
939.jpg 1 0 1.0 0 0.0 0 0 0 0 0 0 1 1
940.jpg 0 0 0.0 0 0.0 0 0 0 0 0 0 1 1
941.jpg 1 0 1.0 0 0.0 0 0 0 0 0 0 1 1
942.jpg 0 0 0.0 0 0.0 1 0 0 0 0 1 1 1
943.jpg 0 0 0.0 0 1.0 0 0 0 1 0 0 1 1
944.jpg 0 0 0.0 0 0.0 0 0 0 0 1 0 1 0
945.jpg 0 1 1.0 0 0.0 0 0 0 0 1 0 1 1
946.jpg 0 0 0.0 0 0.0 0 0 0 0 0 0 1 1
947.jpg 0 0 0.0 0 0.0 0 0 1 0 1 0 1 0
948.jpg 1 0 0.0 0 0.0 0 0 0 0 1 0 1 0
949.jpg 0 0 0.0 0 0.0 0 0 0 0 1 0 1 1
950.jpg 0 0 0.0 0 0.0 0 0 0 0 0 0 1 1
951.jpg 0 0 0.0 0 0.0 0 0 0 0 0 0 1 1
952.jpg 0 1 1.0 0 0.0 1 0 0 0 0 0 1 1
953.jpg 0 0 0.0 0 0.0 1 0 0 0 1 0 1 0
954.jpg 0 0 0.0 0 0.0 1 0 0 0 0 0 1 1
955.jpg 1 0 1.0 0 0.0 0 0 0 1 0 0 1 1
956.jpg 0 1 1.0 0 0.0 0 1 0 0 1 0 0 0
957.jpg 0 0 1.0 0 0.0 0 0 0 0 1 0 1 1
958.jpg 1 0 1.0 0 0.0 0 0 0 0 1 0 1 0
959.jpg 0 1 0.0 0 0.0 0 0 0 0 0 0 1 1
960.jpg 0 0 0.0 0 1.0 0 0 0 1 1 0 0 0
961.jpg 0 0 0.0 0 0.0 0 0 0 1 0 0 1 1
962.jpg 0 0 0.0 0 1.0 0 0 0 0 0 0 1 1
963.jpg 1 0 0.0 0 0.0 0 0 0 0 0 0 1 1
964.jpg 1 0 1.0 0 0.0 0 0 0 0 0 0 1 1
965.jpg 0 0 0.0 0 0.0 0 0 0 1 1 0 0 0
966.jpg 0 0 0.0 0 0.0 0 0 0 0 0 0 1 1
967.jpg 0 0 0.0 0 0.0 0 0 0 0 0 0 1 1
968.jpg 0 0 0.0 0 0.0 0 0 0 1 1 0 1 0
969.jpg 0 1 0.0 0 0.0 1 0 0 0 0 0 1 1
970.jpg 0 0 0.0 0 0.0 0 1 0 0 0 0 0 1
971.jpg 0 0 0.0 0 0.0 0 0 0 0 0 0 1 1
972.jpg 1 0 1.0 0 1.0 0 0 0 0 0 0 1 1
973.jpg 0 1 1.0 0 0.0 1 0 0 0 0 0 1 1
974.jpg 1 0 1.0 0 0.0 0 1 0 0 1 0 0 0
975.jpg 1 0 1.0 0 0.0 0 0 0 0 0 0 1 1
976.jpg 0 0 0.0 0 0.0 0 0 0 0 0 0 1 1
977.jpg 1 0 1.0 0 1.0 0 0 0 1 0 0 0 1
978.jpg 0 1 1.0 0 0.0 0 0 0 0 0 0 1 1
979.jpg 0 0 0.0 0 0.0 0 0 0 0 0 0 1 1
980.jpg 1 0 1.0 0 0.0 0 0 0 0 0 0 1 1
981.jpg 0 0 0.0 0 0.0 0 0 0 0 0 0 1 1
982.jpg 0 0 0.0 0 0.0 0 0 0 0 0 0 1 1
983.jpg 0 0 0.0 0 0.0 0 0 0 0 0 0 1 1
984.jpg 0 0 0.0 0 0.0 0 0 0 0 1 0 1 0
985.jpg 0 0 0.0 0 0.0 0 0 0 0 1 0 1 0
986.jpg 0 1 1.0 0 0.0 1 0 0 0 1 0 1 1
987.jpg 0 0 0.0 0 0.0 0 0 0 0 0 0 1 1
988.jpg 0 0 0.0 0 1.0 0 0 0 0 1 0 0 0
989.jpg 0 0 0.0 0 0.0 0 0 0 0 0 0 1 1
990.jpg 0 0 0.0 0 0.0 1 1 0 0 0 0 0 1
991.jpg 0 1 0.0 0 0.0 0 0 0 0 1 0 1 0
992.jpg 0 0 0.0 0 0.0 0 0 0 0 0 0 1 1
993.jpg 0 0 0.0 0 1.0 0 0 0 1 0 0 1 1
994.jpg 1 0 1.0 0 0.0 0 0 0 1 0 0 0 1
995.jpg 0 0 0.0 0 0.0 0 0 0 0 1 0 1 1
996.jpg 0 0 0.0 1 0.0 0 0 0 0 0 0 1 1
997.jpg 0 1 0.0 0 0.0 0 0 0 0 1 0 1 0
998.jpg 0 0 0.0 0 1.0 0 0 0 1 1 0 0 0
999.jpg 1 0 0.0 0 0.0 0 0 0 0 1 0 1 0
1000.jpg 0 0 0.0 0 0.0 0 0 0 0 0 0 1 1
1001.jpg 0 0 1.0 1 0.0 0 0 0 0 0 0 1 1
1002.jpg 0 0 0.0 0 0.0 0 0 0 0 0 0 1 1
1003.jpg 0 0 0.0 0 0.0 0 0 0 0 0 0 1 1
1004.jpg 0 0 0.0 0 0.0 0 0 0 0 0 0 1 1
1005.jpg 0 0 0.0 0 0.0 0 0 1 0 0 0 1 1
1006.jpg 1 0 1.0 0 0.0 0 0 0 0 0 0 1 1
1007.jpg 1 0 1.0 0 0.0 0 0 0 0 1 0 1 1
1008.jpg 0 1 0.0 0 0.0 0 0 0 0 1 0 1 0
1009.jpg 0 0 0.0 0 0.0 0 0 0 0 0 0 1 1
1010.jpg 0 1 0.0 0 0.0 0 0 0 0 0 0 1 1
1011.jpg 0 0 0.0 0 1.0 0 0 0 0 0 0 1 1
1012.jpg 0 0 0.0 0 0.0 1 0 0 0 0 0 1 1
1013.jpg 0 0 1.0 0 0.0 0 0 0 0 0 0 1 1
1014.jpg 0 0 0.0 0 1.0 0 0 0 1 0 0 0 1
1015.jpg 0 0 0.0 0 0.0 0 0 0 0 0 0 1 1
1016.jpg 0 0 0.0 0 1.0 0 0 0 1 0 0 1 1
1017.jpg 0 0 0.0 0 0.0 0 0 0 0 0 0 1 1
1018.jpg 0 0 0.0 0 0.0 0 0 0 0 0 0 0 1
1019.jpg 0 0 0.0 0 0.0 0 0 0 0 0 0 1 1
1020.jpg 0 0 1.0 0 0.0 0 0 0 0 0 0 1 1
1021.jpg 1 0 0.0 0 0.0 0 0 0 0 1 0 1 0
1022.jpg 0 0 1.0 0 0.0 0 1 0 0 0 0 0 1
1023.jpg 0 0 1.0 0 0.0 0 0 0 0 0 0 1 1
1024.jpg 0 0 0.0 0 0.0 0 0 0 0 0 0 1 1
1025.jpg 0 1 1.0 0 0.0 1 0 0 0 0 0 1 1
1026.jpg 1 0 0.0 0 1.0 0 0 0 1 0 0 0 1
1027.jpg 1 0 0.0 0 0.0 0 0 0 0 0 0 1 1
1028.jpg 0 0 0.0 0 0.0 0 0 0 0 0 0 1 1
1029.jpg 0 0 0.0 0 0.0 0 1 0 0 0 0 0 1
1030.jpg 1 0 1.0 0 0.0 0 0 0 0 0 0 1 1
1031.jpg 1 1 1.0 0 0.0 0 0 0 0 0 0 1 1
1032.jpg 0 0 0.0 0 0.0 0 0 0 0 0 0 1 1
1033.jpg 1 1 1.0 0 0.0 0 1 0 0 1 0 0 0
1034.jpg 1 0 0.0 0 0.0 0 0 0 0 1 0 1 1
1035.jpg 1 0 1.0 0 0.0 0 0 0 0 0 0 1 1
1036.jpg 1 0 1.0 0 0.0 0 0 0 0 0 0 1 1
1037.jpg 1 0 1.0 0 0.0 0 0 0 0 1 0 1 0
1038.jpg 0 0 0.0 0 1.0 0 0 0 0 0 0 1 1
1039.jpg 1 0 1.0 0 1.0 0 0 0 1 0 0 0 1
1040.jpg 0 0 0.0 0 0.0 0 0 0 0 0 0 1 1
1041.jpg 0 0 0.0 0 0.0 0 0 0 0 0 0 1 1
1042.jpg 0 0 0.0 0 0.0 0 0 0 0 0 0 1 1
1043.jpg 1 0 0.0 0 1.0 0 0 0 0 0 0 0 0
1044.jpg 0 0 0.0 0 0.0 0 0 0 0 0 0 1 1
1045.jpg 0 0 0.0 0 0.0 0 0 0 0 0 0 1 1
1046.jpg 1 0 1.0 0 0.0 1 0 0 0 1 0 1 0
1047.jpg 0 0 0.0 0 0.0 0 0 0 1 0 0 1 1
1048.jpg 0 1 1.0 0 0.0 0 0 0 0 0 0 1 1
1049.jpg 0 0 0.0 0 1.0 0 0 0 0 1 0 0 0
1050.jpg 0 0 0.0 0 0.0 0 0 0 0 0 0 1 1
1051.jpg 0 0 1.0 0 0.0 0 0 0 0 0 0 1 1
1052.jpg 0 0 0.0 0 0.0 0 1 0 0 0 0 0 1
1053.jpg 0 0 0.0 0 0.0 0 0 0 0 0 0 1 1
1054.jpg 0 0 1.0 0 0.0 1 0 0 0 0 0 1 1
1055.jpg 0 0 1.0 0 0.0 0 0 0 0 1 0 1 0
1056.jpg 0 0 0.0 0 0.0 0 0 0 0 0 0 1 1
1057.jpg 0 1 1.0 0 0.0 0 0 0 0 0 0 1 1
1058.jpg 0 1 0.0 0 0.0 0 0 1 0 0 0 1 1
1059.jpg 0 0 0.0 0 0.0 1 1 0 0 0 0 0 1
1060.jpg 1 0 1.0 0 0.0 0 0 0 0 0 0 0 1
1061.jpg 0 0 1.0 0 0.0 0 0 0 0 0 0 1 1
1062.jpg 0 0 0.0 0 0.0 0 0 0 0 1 0 1 0
1063.jpg 0 0 1.0 0 1.0 0 0 0 0 0 0 1 0
1064.jpg 0 0 1.0 0 0.0 0 1 0 0 0 0 0 1
1065.jpg 1 1 0.0 0 1.0 1 0 0 1 0 0 0 1
1066.jpg 0 0 0.0 0 0.0 0 0 0 0 1 0 1 0
1067.jpg 0 0 0.0 0 0.0 0 0 0 0 0 0 1 1
1068.jpg 1 0 1.0 0 0.0 0 0 0 1 0 0 0 1
1069.jpg 0 0 0.0 0 0.0 0 0 0 0 0 0 1 1
1070.jpg 0 0 0.0 0 0.0 0 0 0 0 0 0 1 1
1071.jpg 0 0 1.0 0 0.0 0 1 0 0 0 0 0 1
1072.jpg 0 0 0.0 0 0.0 0 0 0 0 0 0 1 1
1073.jpg 1 0 1.0 0 0.0 0 0 0 0 0 0 1 1
1074.jpg 1 0 1.0 0 0.0 1 0 0 0 0 0 1 1
1075.jpg 0 0 0.0 0 0.0 0 0 0 0 1 0 1 0
1076.jpg 0 0 0.0 0 0.0 0 0 0 0 0 0 1 1
1077.jpg 1 0 1.0 0 0.0 0 0 0 0 0 0 1 1
1078.jpg 1 0 1.0 0 0.0 1 0 0 0 0 0 1 1
1079.jpg 0 0 0.0 0 0.0 0 0 0 0 1 0 1 1
1080.jpg 0 0 0.0 0 0.0 0 0 0 0 0 0 1 1
1081.jpg 0 0 0.0 0 1.0 0 0 1 0 0 0 1 1
1082.jpg 0 0 0.0 0 0.0 1 0 0 0 1 0 1 0
1083.jpg 1 0 1.0 0 0.0 0 0 0 0 1 0 1 0
1084.jpg 0 0 0.0 0 0.0 0 0 0 1 0 0 0 1
1085.jpg 0 0 0.0 0 0.0 0 0 1 0 0 0 1 1
1086.jpg 0 0 0.0 0 0.0 0 0 0 1 0 0 1 1
1087.jpg 0 1 0.0 0 0.0 0 0 0 0 0 0 1 1
1088.jpg 0 0 0.0 0 0.0 0 0 1 0 1 0 1 0
1089.jpg 1 0 1.0 0 0.0 0 0 0 0 1 0 1 0
1090.jpg 0 0 0.0 0 0.0 0 0 0 1 0 0 0 1
1091.jpg 0 0 0.0 0 0.0 0 0 0 0 0 0 1 1
1092.jpg 0 1 0.0 0 0.0 1 0 0 0 0 0 1 1
1093.jpg 0 0 0.0 0 0.0 0 0 0 0 1 0 1 0
1094.jpg 0 0 0.0 0 0.0 0 0 0 0 0 0 1 1
1095.jpg 0 0 0.0 0 0.0 0 0 0 1 0 0 0 1
1096.jpg 1 0 0.0 0 0.0 0 0 0 0 1 0 1 0
1097.jpg 0 1 0.0 0 0.0 0 1 0 0 0 0 0 1
1098.jpg 0 0 0.0 0 0.0 0 0 0 0 0 0 1 1
1099.jpg 1 0 0.0 0 0.0 0 0 0 0 0 0 1 1
1100.jpg 0 0 0.0 0 0.0 0 0 0 0 0 0 1 1
1101.jpg 1 0 1.0 0 0.0 0 0 0 0 0 0 1 1
1102.jpg 0 0 1.0 0 0.0 0 0 0 0 0 0 1 1
1103.jpg 0 0 0.0 0 1.0 0 0 0 0 0 0 1 1
1104.jpg 0 0 0.0 0 0.0 0 1 0 0 0 0 0 1
1105.jpg 0 0 0.0 0 0.0 1 0 0 0 0 0 1 1
1106.jpg 1 0 1.0 0 0.0 0 0 0 0 0 0 1 1
1107.jpg 0 0 0.0 0 0.0 0 0 0 0 1 0 1 1
1108.jpg 0 0 0.0 0 0.0 0 0 0 0 0 0 0 1
1109.jpg 0 1 0.0 0 0.0 0 0 0 0 0 0 1 1
1110.jpg 0 1 1.0 0 0.0 1 0 0 0 1 0 1 0
1111.jpg 0 1 0.0 0 0.0 0 0 0 0 0 0 1 1
1112.jpg 0 0 0.0 0 0.0 0 1 0 0 1 0 0 0
1113.jpg 0 0 1.0 0 1.0 0 0 0 0 0 0 1 1
1114.jpg 0 0 0.0 0 0.0 0 0 0 0 0 0 1 1
1115.jpg 0 0 0.0 0 0.0 1 0 0 0 1 0 1 1
1116.jpg 1 0 0.0 0 0.0 0 0 0 0 0 0 1 1
1117.jpg 0 0 0.0 0 0.0 0 0 0 0 0 0 1 1
1118.jpg 0 0 0.0 0 0.0 0 0 0 0 0 0 1 1
1119.jpg 0 0 0.0 0 0.0 1 0 0 0 0 0 1 1
1120.jpg 0 0 0.0 0 0.0 0 0 0 1 0 0 1 1
1121.jpg 0 0 0.0 1 0.0 0 0 0 0 1 1 1 0
1122.jpg 0 1 1.0 0 0.0 1 0 0 0 0 0 1 1
1123.jpg 0 0 1.0 1 0.0 0 0 0 0 0 0 1 1
1124.jpg 0 0 0.0 0 0.0 0 0 0 0 0 0 1 1
1125.jpg 0 0 0.0 0 0.0 0 0 0 0 0 0 1 1
1126.jpg 1 0 0.0 1 0.0 0 0 0 0 0 0 1 1
1127.jpg 0 0 0.0 0 0.0 0 0 0 1 0 0 1 1
1128.jpg 0 0 0.0 0 0.0 0 0 0 0 0 0 1 0
1129.jpg 0 1 0.0 0 0.0 0 0 0 0 1 0 1 0
1130.jpg 0 0 1.0 0 1.0 0 0 0 1 0 0 0 1
1131.jpg 0 0 0.0 1 1.0 0 1 0 0 1 0 0 0
1132.jpg 0 1 1.0 0 0.0 1 0 0 0 0 0 1 1
1133.jpg 0 0 0.0 0 1.0 0 0 0 0 0 0 1 1
1134.jpg 0 1 1.0 0 0.0 1 0 0 0 0 0 1 1
1135.jpg 0 0 0.0 0 0.0 0 0 0 0 1 0 1 1
1136.jpg 0 1 0.0 0 1.0 0 0 0 1 0 0 0 1
1137.jpg 0 0 0.0 0 0.0 0 0 0 0 0 0 1 1
1138.jpg 0 0 0.0 0 0.0 1 0 0 0 0 0 1 1
1139.jpg 0 0 0.0 0 0.0 0 0 0 1 0 0 0 1
1140.jpg 0 1 0.0 0 1.0 0 0 1 0 0 0 1 1
1141.jpg 1 0 1.0 0 0.0 0 0 0 0 0 0 1 1
1142.jpg 0 0 0.0 0 0.0 0 0 0 0 0 0 1 1
1143.jpg 0 1 1.0 0 0.0 1 0 0 0 1 0 1 0
1144.jpg 0 0 0.0 0 0.0 0 0 0 0 0 0 1 1
1145.jpg 0 1 1.0 1 0.0 0 0 0 0 1 0 1 1
1146.jpg 0 1 0.0 0 0.0 0 0 0 1 0 0 1 1
1147.jpg 0 0 0.0 0 0.0 0 0 0 0 0 0 1 1
1148.jpg 0 0 0.0 0 1.0 0 0 0 1 0 0 0 1
1149.jpg 0 0 0.0 0 1.0 0 0 0 1 0 0 1 1
1150.jpg 0 0 0.0 0 0.0 0 0 0 0 0 0 1 1
1151.jpg 0 0 0.0 0 0.0 0 0 0 0 0 0 1 1
1152.jpg 1 0 0.0 0 0.0 0 1 0 0 0 0 0 1
1153.jpg 0 0 0.0 0 0.0 0 0 0 0 0 0 1 1
1154.jpg 0 0 0.0 0 0.0 0 1 0 0 0 0 0 1
1155.jpg 1 0 0.0 0 1.0 0 0 0 0 1 0 0 0
1156.jpg 0 0 0.0 0 0.0 0 0 0 0 0 0 1 1
1157.jpg 0 0 1.0 1 0.0 0 0 0 0 1 0 1 0
1158.jpg 0 0 0.0 0 0.0 0 0 0 0 0 0 1 1
1159.jpg 0 0 0.0 0 0.0 0 0 0 0 0 0 1 1
1160.jpg 1 0 1.0 0 0.0 0 0 0 0 1 0 1 0
1161.jpg 0 0 0.0 1 0.0 0 0 0 0 1 0 1 0
1162.jpg 0 1 1.0 0 0.0 1 0 0 0 1 0 1 0
1163.jpg 0 0 0.0 0 0.0 0 0 0 0 1 0 0 0
1164.jpg 0 1 1.0 0 1.0 0 0 0 0 1 0 1 0
1165.jpg 0 0 0.0 0 0.0 0 0 0 0 0 0 0 1
1166.jpg 0 0 0.0 0 0.0 0 0 0 0 0 0 1 1
1167.jpg 0 0 0.0 0 0.0 0 0 0 0 0 0 1 1
1168.jpg 0 0 0.0 0 0.0 0 0 0 0 0 0 1 1
1169.jpg 0 0 0.0 0 0.0 0 0 0 0 1 0 1 0
1170.jpg 0 0 0.0 0 0.0 0 0 0 0 0 0 1 1
1171.jpg 0 0 0.0 0 0.0 0 0 0 0 0 0 1 1
1172.jpg 1 0 1.0 0 0.0 0 0 0 1 0 0 1 1
1173.jpg 0 0 1.0 0 1.0 0 0 0 0 0 0 1 1
1174.jpg 0 1 0.0 0 1.0 1 0 0 1 0 0 0 1
1175.jpg 0 0 0.0 0 1.0 0 0 0 0 0 0 1 1
1176.jpg 1 0 0.0 0 0.0 0 0 0 0 0 0 1 1
1177.jpg 0 0 0.0 0 0.0 0 0 1 0 0 0 1 1
1178.jpg 0 0 0.0 0 0.0 0 0 1 0 1 0 1 0
1179.jpg 1 0 0.0 0 0.0 0 0 0 0 0 0 1 1
1180.jpg 0 0 1.0 0 0.0 0 0 0 0 1 0 1 1
1181.jpg 0 1 0.0 0 0.0 1 0 0 0 0 0 1 1
1182.jpg 1 0 1.0 0 0.0 0 0 0 0 0 0 1 1
1183.jpg 0 0 0.0 0 0.0 0 0 0 0 0 0 1 1
1184.jpg 0 0 0.0 0 0.0 1 0 1 0 1 0 1 0
1185.jpg 0 0 0.0 0 0.0 0 0 0 0 1 0 1 0
1186.jpg 0 0 0.0 0 0.0 0 0 0 0 0 0 1 1
1187.jpg 0 0 0.0 0 0.0 0 0 1 0 0 0 1 1
1188.jpg 0 1 1.0 0 1.0 0 0 0 0 0 0 1 1
1189.jpg 0 0 0.0 0 0.0 0 1 0 0 0 0 0 1
1190.jpg 0 0 0.0 0 0.0 0 0 0 0 0 0 1 1
1191.jpg 0 1 1.0 0 0.0 1 0 0 0 0 0 1 1
1192.jpg 0 1 0.0 0 0.0 0 0 0 0 1 0 1 0
1193.jpg 0 0 0.0 0 0.0 0 0 0 0 0 0 1 1
1194.jpg 0 0 0.0 0 0.0 1 0 1 0 0 0 1 1
1195.jpg 0 0 0.0 0 0.0 0 0 0 0 0 0 1 1
1196.jpg 0 0 0.0 0 0.0 0 0 0 0 0 0 1 1
1197.jpg 0 0 0.0 0 0.0 0 0 0 0 0 0 1 1
1198.jpg 0 0 0.0 0 0.0 0 0 0 0 0 0 1 1
1199.jpg 0 0 0.0 0 0.0 0 0 0 0 0 0 1 1
1200.jpg 0 0 0.0 0 0.0 0 0 0 0 0 0 1 1
1201.jpg 0 0 0.0 0 0.0 0 0 0 0 0 0 1 1
1202.jpg 0 0 0.0 0 0.0 0 0 0 0 0 0 1 1
1203.jpg 0 0 0.0 0 0.0 0 0 0 0 1 0 1 0
1204.jpg 0 0 0.0 0 0.0 0 0 0 0 0 0 1 1
1205.jpg 1 0 1.0 0 0.0 0 0 0 0 0 0 1 1
1206.jpg 0 0 0.0 0 0.0 1 0 0 0 0 0 1 1
1207.jpg 0 0 0.0 0 0.0 0 0 0 0 0 0 1 1
1208.jpg 0 0 0.0 0 0.0 0 0 0 0 0 0 1 1
1209.jpg 0 0 0.0 0 0.0 0 0 1 0 0 0 1 1
1210.jpg 0 0 0.0 0 0.0 1 0 0 0 0 0 1 1
1211.jpg 0 0 0.0 0 0.0 0 0 0 0 1 0 1 0
1212.jpg 0 0 0.0 0 1.0 0 1 0 0 0 0 0 1
1213.jpg 0 0 0.0 1 0.0 0 0 1 0 0 0 1 1
1214.jpg 1 0 0.0 0 0.0 1 0 0 1 0 0 0 1
1215.jpg 0 0 0.0 0 0.0 1 0 0 0 0 0 1 1
1216.jpg 0 0 1.0 0 0.0 0 0 0 0 1 0 1 0
1217.jpg 0 0 0.0 0 0.0 1 0 0 0 0 0 1 1
1218.jpg 0 0 0.0 0 0.0 0 0 1 0 0 0 1 1
1219.jpg 0 0 0.0 0 0.0 0 0 0 0 0 0 1 1
1220.jpg 0 0 0.0 0 0.0 0 0 0 0 0 0 0 1
1221.jpg 0 0 0.0 0 0.0 0 0 1 0 1 0 1 0
1222.jpg 1 0 0.0 0 0.0 0 0 0 0 1 0 1 0
1223.jpg 0 0 0.0 0 1.0 0 0 0 0 0 0 1 1
1224.jpg 0 0 0.0 0 0.0 0 0 0 0 0 0 1 1
1225.jpg 0 0 0.0 0 0.0 0 0 0 0 0 0 1 1
1226.jpg 1 0 0.0 0 0.0 0 0 0 0 0 0 1 1
1227.jpg 0 0 1.0 0 0.0 0 0 0 0 0 0 1 1
1228.jpg 0 0 0.0 0 0.0 0 0 0 0 0 0 1 1
1229.jpg 0 0 0.0 0 0.0 0 0 0 0 0 0 1 1
1230.jpg 0 0 0.0 0 0.0 0 0 0 0 0 0 1 1
1231.jpg 1 0 0.0 0 1.0 0 0 0 0 0 0 0 1
1232.jpg 0 0 0.0 0 1.0 0 0 0 0 0 0 1 1
1233.jpg 0 1 0.0 0 0.0 0 0 0 0 0 0 1 1
1234.jpg 0 1 1.0 0 0.0 1 0 0 0 0 0 1 0
1235.jpg 0 0 0.0 0 0.0 0 0 0 0 1 0 1 0
1236.jpg 0 0 0.0 0 0.0 0 0 0 0 0 0 1 1
1237.jpg 0 0 1.0 0 0.0 0 0 0 0 0 0 1 1
1238.jpg 0 0 0.0 0 0.0 0 0 0 0 1 0 1 0
1239.jpg 0 0 0.0 0 1.0 0 0 0 1 0 0 0 1
1240.jpg 1 0 0.0 0 1.0 0 0 0 0 1 0 1 0
1241.jpg 0 0 0.0 0 0.0 0 0 0 0 0 0 1 1
1242.jpg 0 0 0.0 0 0.0 0 0 0 1 0 0 1 1
1243.jpg 0 1 1.0 0 0.0 0 0 0 0 0 0 1 1
1244.jpg 0 1 1.0 0 0.0 0 0 0 0 0 0 1 1
1245.jpg 0 0 0.0 0 0.0 0 0 1 0 0 0 1 1
1246.jpg 0 0 0.0 0 0.0 0 0 0 0 1 0 1 0
1247.jpg 1 1 1.0 0 1.0 1 0 0 0 0 0 1 1
1248.jpg 0 0 1.0 0 1.0 0 0 0 0 0 0 1 1
1249.jpg 0 0 0.0 0 0.0 1 0 0 0 0 0 1 1
1250.jpg 1 0 1.0 0 1.0 0 0 0 0 0 0 1 1
1251.jpg 0 0 1.0 0 0.0 0 0 0 0 0 0 1 1
1252.jpg 1 0 0.0 0 0.0 0 0 0 0 0 0 1 1
1253.jpg 0 1 0.0 0 0.0 0 0 0 0 0 0 1 1
1254.jpg 1 0 0.0 0 0.0 0 0 0 0 0 0 1 1
1255.jpg 1 0 1.0 1 0.0 0 0 0 0 0 0 1 1
1256.jpg 0 0 0.0 0 0.0 0 0 0 0 0 0 1 1
1257.jpg 0 0 0.0 0 0.0 0 0 0 0 0 0 1 1
1258.jpg 1 0 0.0 0 0.0 0 0 0 0 0 0 1 1
1259.jpg 0 0 1.0 0 0.0 0 0 0 0 0 0 1 1
1260.jpg 0 0 0.0 0 0.0 0 0 0 0 1 0 1 1
1261.jpg 0 0 0.0 0 0.0 0 0 1 0 0 0 1 1
1262.jpg 0 0 0.0 0 0.0 0 0 0 0 0 0 1 1
1263.jpg 1 0 0.0 0 1.0 0 0 0 0 1 0 1 1
1264.jpg 0 1 0.0 0 0.0 0 0 0 0 1 0 1 1
1265.jpg 1 0 0.0 0 0.0 0 1 0 0 1 0 0 0
1266.jpg 0 0 0.0 0 1.0 0 0 0 0 0 0 1 1
1267.jpg 0 0 1.0 0 0.0 0 1 0 0 0 0 1 1
1268.jpg 0 0 0.0 0 0.0 0 0 0 0 0 0 1 1
1269.jpg 0 0 0.0 0 0.0 0 0 0 0 1 0 1 0
1270.jpg 0 0 0.0 0 0.0 0 0 0 0 1 0 1 1
1271.jpg 0 0 1.0 1 0.0 0 0 0 0 0 0 1 1
1272.jpg 0 0 0.0 0 0.0 0 0 0 0 0 0 1 1
1273.jpg 0 0 0.0 0 0.0 0 0 0 0 1 0 1 1
1274.jpg 0 0 0.0 0 0.0 0 0 0 1 1 0 0 0
1275.jpg 0 0 0.0 0 0.0 1 0 0 0 0 0 1 1
1276.jpg 0 0 0.0 0 0.0 0 0 0 0 0 0 1 1
1277.jpg 0 0 0.0 0 0.0 0 1 0 0 0 0 0 1
1278.jpg 0 0 0.0 0 1.0 0 1 0 0 0 0 0 1
1279.jpg 0 0 0.0 0 0.0 0 0 0 0 0 0 1 1
1280.jpg 0 1 1.0 0 0.0 0 0 0 0 0 0 1 1
1281.jpg 0 0 0.0 0 0.0 0 0 0 0 0 0 1 1
1282.jpg 1 0 0.0 0 0.0 0 0 0 1 0 0 1 1
1283.jpg 0 0 0.0 0 0.0 0 0 0 0 0 0 1 1
1284.jpg 0 0 0.0 0 0.0 0 1 0 0 0 0 0 1
1285.jpg 0 0 0.0 0 0.0 0 0 1 0 0 0 1 1
1286.jpg 0 0 0.0 0 1.0 0 0 0 0 0 0 1 1
1287.jpg 0 0 0.0 0 1.0 0 0 0 1 0 0 0 1
1288.jpg 0 0 0.0 0 0.0 0 0 0 0 0 0 1 1
1289.jpg 0 0 1.0 0 1.0 0 0 0 0 0 0 1 1
1290.jpg 0 1 0.0 0 0.0 0 0 0 0 0 0 1 1
1291.jpg 0 1 0.0 0 0.0 1 0 0 0 0 0 1 1
1292.jpg 0 0 1.0 0 1.0 0 0 0 1 0 0 0 1
1293.jpg 0 0 0.0 0 1.0 0 0 0 1 0 0 0 1
1294.jpg 0 0 0.0 0 0.0 0 1 0 0 0 0 0 1
1295.jpg 0 0 0.0 0 0.0 0 0 0 0 0 0 1 1
1296.jpg 0 0 0.0 1 0.0 0 0 0 0 0 0 1 1
1297.jpg 0 0 0.0 0 0.0 0 0 0 0 0 0 1 1
1298.jpg 0 0 0.0 0 0.0 0 0 0 0 0 0 1 1
1299.jpg 0 1 0.0 0 0.0 0 0 0 0 0 0 1 1
1300.jpg 0 1 0.0 0 1.0 0 0 1 0 0 0 1 1
1301.jpg 0 0 0.0 1 1.0 0 0 0 0 0 0 0 1
1302.jpg 0 0 0.0 1 0.0 0 0 0 0 0 0 1 1
1303.jpg 0 1 0.0 0 0.0 0 0 1 0 0 0 1 1
1304.jpg 1 0 0.0 1 0.0 0 0 0 0 0 0 1 1
1305.jpg 0 0 0.0 0 0.0 0 0 1 0 0 0 1 1
1306.jpg 1 0 0.0 0 0.0 0 0 0 0 0 0 1 1
1307.jpg 0 0 0.0 0 0.0 0 0 0 0 0 0 1 1
1308.jpg 0 1 1.0 0 0.0 0 0 0 0 0 0 1 1
1309.jpg 0 1 1.0 1 0.0 0 0 0 0 0 0 1 1
1310.jpg 0 0 0.0 0 0.0 0 0 0 0 0 0 1 1
1311.jpg 0 0 0.0 0 0.0 0 0 1 0 1 0 1 0
1312.jpg 0 0 1.0 1 0.0 0 0 0 0 0 0 1 1
1313.jpg 0 0 0.0 0 0.0 0 0 0 0 1 0 1 0
1314.jpg 1 0 0.0 0 0.0 1 0 0 0 0 0 1 1
1315.jpg 1 0 0.0 0 0.0 0 0 0 0 0 0 1 1
1316.jpg 0 0 0.0 0 0.0 0 0 0 0 1 0 1 0
1317.jpg 1 0 0.0 0 0.0 1 0 0 0 0 0 1 1
1318.jpg 0 0 0.0 0 0.0 0 1 1 0 0 0 0 1
1319.jpg 0 0 0.0 0 0.0 0 0 0 0 1 0 1 0
1320.jpg 0 1 1.0 1 0.0 1 0 0 0 1 0 1 0
1321.jpg 0 1 1.0 1 0.0 0 0 0 0 0 0 1 1
1322.jpg 0 0 0.0 0 0.0 0 0 1 0 0 0 1 1
1323.jpg 0 1 0.0 1 1.0 0 0 0 0 0 0 1 1
1324.jpg 0 1 1.0 0 0.0 0 0 0 0 0 0 1 1
1325.jpg 0 1 0.0 0 1.0 0 0 1 0 1 0 1 0
1326.jpg 1 1 0.0 0 0.0 1 0 0 0 1 0 1 0
1327.jpg 0 0 0.0 0 0.0 0 0 0 0 0 0 1 1
1328.jpg 0 0 0.0 0 0.0 0 0 0 0 0 0 1 1
1329.jpg 0 0 0.0 0 0.0 0 0 1 0 0 0 1 1
1330.jpg 0 1 1.0 0 0.0 0 0 0 0 0 0 1 1
1331.jpg 0 0 0.0 0 1.0 0 0 0 0 0 0 1 1
1332.jpg 0 1 0.0 0 0.0 0 0 1 0 0 0 1 1
1333.jpg 0 0 0.0 0 1.0 0 0 0 0 0 0 1 1
1334.jpg 0 1 0.0 0 0.0 0 0 0 1 0 0 1 1
1335.jpg 0 1 1.0 1 0.0 0 0 0 0 0 0 1 1
1336.jpg 0 1 0.0 0 0.0 1 0 0 0 0 0 1 1
1337.jpg 0 0 1.0 0 0.0 0 0 0 0 0 0 1 1
1338.jpg 0 0 0.0 0 0.0 0 0 0 0 0 0 1 1
1339.jpg 1 0 1.0 0 0.0 0 0 0 1 0 0 1 1
1340.jpg 0 0 0.0 0 0.0 0 0 0 0 0 0 1 1
1341.jpg 0 0 0.0 1 0.0 0 0 0 0 0 0 1 1
1342.jpg 0 1 1.0 0 0.0 0 0 0 0 0 0 1 1
1343.jpg 1 0 0.0 0 0.0 0 0 0 0 0 0 1 1
1344.jpg 0 0 0.0 0 0.0 0 0 0 0 0 0 1 1
1345.jpg 0 1 0.0 0 0.0 0 0 0 0 0 0 1 1
1346.jpg 0 0 0.0 0 0.0 0 0 1 0 0 0 1 1
1347.jpg 0 0 0.0 0 0.0 0 0 0 0 0 0 1 1
1348.jpg 0 0 0.0 0 0.0 0 0 0 0 0 0 1 1
1349.jpg 0 0 0.0 0 0.0 0 0 0 0 0 0 1 1
1350.jpg 0 1 1.0 0 0.0 1 0 0 0 0 0 1 1
1351.jpg 0 0 1.0 0 0.0 0 0 0 0 0 0 1 1
1352.jpg 0 1 0.0 0 0.0 0 0 0 0 0 0 1 1
1353.jpg 0 1 0.0 0 0.0 0 0 0 0 0 0 1 1
1354.jpg 0 0 0.0 0 0.0 0 0 0 0 0 0 1 1
1355.jpg 0 0 0.0 1 0.0 0 0 0 0 0 0 1 1
1356.jpg 0 0 0.0 1 0.0 0 0 0 0 0 0 1 1
1357.jpg 0 0 0.0 0 0.0 0 0 1 0 0 0 1 1
1358.jpg 0 0 0.0 1 0.0 0 0 1 0 0 0 1 1
1359.jpg 0 1 0.0 0 0.0 1 1 0 0 0 0 0 1
1360.jpg 1 1 0.0 0 0.0 1 0 0 0 0 0 0 1
1361.jpg 1 0 1.0 0 0.0 0 0 0 0 0 0 1 1
1362.jpg 0 1 1.0 0 0.0 0 0 0 1 1 0 1 1
1363.jpg 1 0 0.0 1 0.0 0 1 0 0 0 0 0 1
1364.jpg 0 0 0.0 0 0.0 0 0 0 0 0 0 1 1
1365.jpg 0 0 0.0 1 1.0 0 0 0 0 0 0 1 1
1366.jpg 0 0 0.0 1 0.0 0 0 1 0 0 0 1 1
1367.jpg 1 0 0.0 0 1.0 0 0 0 0 0 0 1 1
1368.jpg 0 0 0.0 0 1.0 0 0 0 0 0 0 1 1
1369.jpg 0 1 0.0 1 0.0 1 0 0 0 0 0 1 1
1370.jpg 1 0 0.0 0 0.0 0 0 0 0 0 0 1 1
1371.jpg 0 1 0.0 1 0.0 0 0 1 0 0 0 1 1
1372.jpg 0 0 0.0 0 0.0 0 0 1 1 0 0 0 1
1373.jpg 0 1 1.0 0 0.0 0 0 0 0 0 0 1 1
1374.jpg 0 1 0.0 0 1.0 0 1 0 0 0 0 0 1
1375.jpg 0 0 0.0 0 1.0 0 0 0 0 0 0 1 1
1376.jpg 0 1 0.0 0 0.0 0 0 0 0 1 0 1 0
1377.jpg 1 0 0.0 0 1.0 0 0 0 0 0 0 1 1
1378.jpg 0 1 0.0 0 0.0 1 0 0 0 0 0 1 1
1379.jpg 1 1 1.0 0 0.0 0 0 0 0 0 0 1 1
1380.jpg 0 0 0.0 0 0.0 0 0 1 0 0 0 1 1
1381.jpg 0 0 0.0 0 0.0 0 0 0 0 0 0 1 1
1382.jpg 1 0 1.0 0 0.0 0 0 0 0 0 0 1 1
1383.jpg 0 1 1.0 0 0.0 1 0 0 0 0 0 1 1
1384.jpg 0 0 1.0 0 0.0 0 0 0 0 0 0 1 1
1385.jpg 0 0 0.0 0 0.0 0 0 0 0 0 0 0 1
1386.jpg 1 1 0.0 0 1.0 0 0 0 0 0 0 1 1
1387.jpg 1 0 0.0 1 0.0 0 0 0 0 0 0 1 1
1388.jpg 0 0 0.0 1 0.0 0 0 1 0 0 0 1 1
1389.jpg 0 1 1.0 0 0.0 0 0 0 0 0 0 1 1
1390.jpg 1 0 0.0 1 0.0 0 0 0 0 0 0 1 1
1391.jpg 0 0 0.0 0 0.0 0 1 1 0 0 0 1 1
1392.jpg 0 0 0.0 0 0.0 0 0 0 0 0 0 1 1
1393.jpg 1 0 0.0 0 0.0 0 0 0 0 0 0 1 1
1394.jpg 0 0 0.0 0 1.0 0 0 0 0 0 0 1 1
1395.jpg 0 0 0.0 0 0.0 0 0 0 0 0 0 1 1
1396.jpg 0 1 0.0 0 0.0 0 0 0 0 0 0 1 1
1397.jpg 0 0 0.0 0 0.0 0 0 0 0 0 0 1 1
1398.jpg 0 1 1.0 0 0.0 0 0 0 0 0 0 1 1
1399.jpg 0 0 0.0 1 0.0 0 0 0 0 0 0 1 1
1400.jpg 0 1 0.0 0 0.0 0 0 0 0 0 0 1 1
1401.jpg 0 0 0.0 0 0.0 0 0 1 0 0 0 1 1
1402.jpg 1 0 0.0 1 0.0 0 0 0 0 0 0 1 1
1403.jpg 0 0 0.0 0 0.0 0 0 0 0 0 0 1 1
1404.jpg 0 0 0.0 0 0.0 0 0 0 0 0 0 1 1
1405.jpg 1 0 0.0 1 0.0 1 0 0 0 0 0 1 1
1406.jpg 0 0 0.0 1 0.0 0 0 0 0 0 0 1 1
1407.jpg 0 0 0.0 0 0.0 0 0 0 1 0 0 1 1
1408.jpg 0 0 0.0 0 0.0 0 0 1 1 0 0 1 1
1409.jpg 0 0 0.0 0 0.0 0 0 1 0 0 0 1 1
1410.jpg 0 0 0.0 0 0.0 0 0 1 0 1 0 1 1
1411.jpg 0 0 0.0 0 0.0 0 0 0 0 0 0 1 1
1412.jpg 1 0 0.0 0 0.0 1 0 0 0 0 0 1 1
1413.jpg 0 0 0.0 0 0.0 0 0 0 0 1 0 1 0
1414.jpg 0 0 0.0 1 0.0 0 0 0 0 0 0 1 1
1415.jpg 0 0 0.0 0 0.0 1 0 1 0 1 0 1 1
1416.jpg 1 0 0.0 0 1.0 0 0 0 1 0 0 1 1
1417.jpg 0 1 0.0 0 0.0 0 0 0 0 0 0 1 1
1418.jpg 0 1 1.0 1 0.0 0 0 0 0 0 0 1 1
1419.jpg 0 1 0.0 0 1.0 0 0 0 0 0 0 1 1
1420.jpg 0 0 0.0 0 0.0 0 0 0 1 0 0 1 1
1421.jpg 1 0 0.0 0 0.0 1 0 0 0 0 0 1 1
1422.jpg 0 1 1.0 1 0.0 0 0 0 0 0 0 1 1
1423.jpg 0 0 0.0 0 0.0 1 0 0 1 0 0 0 1
1424.jpg 0 0 0.0 0 0.0 1 0 0 0 0 0 1 1
1425.jpg 0 0 0.0 1 0.0 0 0 0 0 0 0 0 1
1426.jpg 1 0 0.0 0 0.0 0 0 0 0 0 0 1 1
1427.jpg 0 1 0.0 0 0.0 0 0 1 0 0 0 1 1
1428.jpg 0 0 0.0 1 0.0 0 0 0 0 1 0 1 1
1429.jpg 0 0 0.0 0 0.0 0 0 0 1 1 0 1 1
1430.jpg 0 0 0.0 1 0.0 0 0 0 0 0 0 1 1
1431.jpg 0 0 0.0 1 0.0 1 0 0 0 0 0 1 1
1432.jpg 0 1 0.0 1 0.0 0 0 0 0 1 0 1 1
1433.jpg 1 0 1.0 0 1.0 0 0 0 0 0 0 0 1
1434.jpg 0 0 0.0 0 0.0 0 0 0 0 1 0 1 1
1435.jpg 0 1 0.0 0 0.0 0 0 1 0 0 0 1 1
1436.jpg 0 0 0.0 1 0.0 0 0 0 0 0 0 1 1
1437.jpg 0 0 0.0 1 0.0 1 0 0 0 0 0 1 1
1438.jpg 0 0 0.0 1 0.0 0 0 0 0 0 0 1 1
1439.jpg 1 0 0.0 0 0.0 0 0 0 0 0 0 1 1
1440.jpg 0 0 0.0 0 0.0 0 0 1 1 1 0 1 0
1441.jpg 1 0 1.0 1 0.0 0 0 0 0 0 0 1 1
1442.jpg 0 0 0.0 0 1.0 0 0 0 0 0 0 1 1
1443.jpg 1 0 0.0 0 0.0 1 0 0 0 0 0 1 1
1444.jpg 0 1 0.0 0 0.0 0 0 0 0 0 0 1 1
1445.jpg 0 0 0.0 1 0.0 0 0 0 0 0 0 1 1
1446.jpg 0 0 0.0 0 0.0 0 0 0 0 0 0 1 1
1447.jpg 0 1 0.0 0 0.0 1 0 0 0 1 0 1 0
1448.jpg 0 0 0.0 0 0.0 1 0 0 0 1 0 1 0
1449.jpg 0 0 0.0 0 0.0 0 0 0 1 0 0 1 1
1450.jpg 1 0 0.0 0 0.0 0 0 0 0 0 0 1 1
1451.jpg 0 0 0.0 0 0.0 0 0 1 1 0 0 1 1
1452.jpg 1 0 0.0 1 0.0 0 0 0 0 0 0 1 1
1453.jpg 1 0 0.0 1 0.0 0 0 0 0 0 0 1 1
1454.jpg 0 0 1.0 0 0.0 1 0 0 0 0 1 1 1
1455.jpg 0 0 0.0 0 0.0 0 0 0 0 0 0 1 1
1456.jpg 0 0 0.0 0 0.0 0 1 0 0 0 0 1 1
1457.jpg 0 1 0.0 0 1.0 0 0 0 0 0 0 1 1
1458.jpg 1 0 0.0 0 0.0 0 0 0 0 0 0 1 1
1459.jpg 0 1 0.0 0 0.0 0 0 0 0 1 0 1 1
1460.jpg 0 1 0.0 0 0.0 1 0 0 0 0 0 1 1
1461.jpg 0 0 1.0 0 0.0 1 0 0 0 0 0 1 1
1462.jpg 1 0 0.0 0 0.0 0 0 0 0 0 0 1 1
1463.jpg 0 0 0.0 0 1.0 0 0 0 0 0 0 1 1
1464.jpg 0 0 0.0 1 0.0 0 0 0 0 0 1 1 1
1465.jpg 0 1 0.0 0 0.0 1 0 1 1 1 0 1 1
1466.jpg 1 0 1.0 0 0.0 1 0 0 1 0 1 1 1
1467.jpg 0 1 1.0 1 0.0 0 0 0 0 0 0 1 1
1468.jpg 1 0 0.0 0 1.0 0 0 0 0 0 0 1 1
1469.jpg 0 0 0.0 0 1.0 0 0 0 1 0 0 1 1
1470.jpg 0 0 0.0 0 0.0 0 0 1 0 1 0 1 0
1471.jpg 1 1 1.0 0 0.0 0 1 0 0 0 0 1 1
1472.jpg 1 1 0.0 0 0.0 0 0 0 0 0 0 1 1
1473.jpg 0 1 1.0 0 0.0 0 0 0 0 0 0 1 1
1474.jpg 0 0 0.0 0 0.0 0 0 1 0 0 0 1 1
1475.jpg 0 0 0.0 0 0.0 0 0 1 0 1 0 1 1
1476.jpg 0 0 0.0 0 0.0 0 0 1 0 0 0 0 1
1477.jpg 0 0 0.0 0 0.0 0 0 0 0 0 0 1 1
1478.jpg 1 0 1.0 0 0.0 0 0 0 0 0 0 1 1
1479.jpg 1 0 0.0 0 0.0 0 0 0 0 1 0 1 0
1480.jpg 0 0 0.0 0 0.0 0 1 0 0 0 0 1 1
1481.jpg 1 1 0.0 0 0.0 0 1 0 0 0 0 1 1
1482.jpg 0 0 0.0 1 0.0 0 0 1 0 0 0 1 1
1483.jpg 0 0 0.0 0 0.0 0 0 1 0 0 0 1 1
1484.jpg 0 0 0.0 1 0.0 0 0 1 0 0 0 1 1
1485.jpg 0 1 0.0 0 0.0 0 0 0 0 0 0 1 1
1486.jpg 0 1 1.0 0 0.0 1 0 0 1 1 0 1 0
1487.jpg 0 0 1.0 0 0.0 0 0 0 0 0 0 1 1
1488.jpg 1 1 1.0 0 0.0 0 0 0 0 0 0 1 1
1489.jpg 0 0 0.0 0 0.0 0 0 0 1 0 0 1 1
1490.jpg 1 0 0.0 0 0.0 0 0 0 0 1 0 1 1
1491.jpg 0 1 0.0 0 0.0 0 0 0 0 1 0 1 0
1492.jpg 0 0 0.0 1 0.0 0 0 0 0 0 0 1 1
1493.jpg 0 1 1.0 1 0.0 0 0 0 0 1 0 1 0
1494.jpg 0 0 0.0 0 0.0 0 0 1 0 0 0 1 1
1495.jpg 0 0 0.0 0 0.0 0 0 1 0 0 0 1 1
1496.jpg 0 0 0.0 1 0.0 0 0 0 0 0 0 1 1
1497.jpg 0 1 1.0 0 0.0 0 0 0 0 0 0 1 1
1498.jpg 0 0 0.0 0 0.0 0 0 0 0 0 0 1 1
1499.jpg 0 0 0.0 0 0.0 0 0 0 0 1 0 1 0
1500.jpg 0 1 0.0 0 0.0 0 0 1 0 0 0 1 1
1501.jpg 0 0 0.0 0 0.0 0 1 1 0 0 0 1 1
1502.jpg 0 0 0.0 0 0.0 1 0 0 0 1 0 1 1
1503.jpg 0 1 0.0 0 1.0 1 0 0 0 0 0 1 1
1504.jpg 1 1 0.0 0 0.0 0 0 0 0 1 0 1 0
1505.jpg 1 1 0.0 1 0.0 0 0 0 0 0 0 1 1
1506.jpg 0 0 0.0 0 0.0 0 0 0 0 1 0 1 0
1507.jpg 0 1 0.0 0 0.0 0 0 0 0 0 0 1 1
1508.jpg 0 0 0.0 0 0.0 0 0 0 0 0 0 1 1
1509.jpg 0 0 0.0 1 0.0 0 0 0 0 0 0 1 1
1510.jpg 0 0 0.0 0 0.0 1 0 0 0 0 0 1 1
1511.jpg 0 0 1.0 0 0.0 0 0 0 1 1 0 1 0
1512.jpg 0 0 0.0 0 0.0 0 0 0 0 0 0 1 1
1513.jpg 0 0 0.0 0 0.0 0 1 1 0 0 0 1 1
1514.jpg 0 0 0.0 0 0.0 0 1 0 0 0 0 1 1
1515.jpg 1 1 0.0 0 0.0 1 0 0 0 0 0 1 1
1516.jpg 0 0 0.0 0 0.0 0 0 0 0 0 0 1 1
1517.jpg 1 0 0.0 1 0.0 0 0 0 0 0 0 1 1
1518.jpg 1 0 0.0 0 0.0 0 0 0 0 0 0 1 1
1519.jpg 0 0 0.0 0 0.0 0 0 0 0 0 0 1 1
1520.jpg 0 1 0.0 1 0.0 0 0 0 0 0 0 1 1
1521.jpg 0 1 1.0 0 0.0 1 0 0 0 0 0 1 1
1522.jpg 0 1 0.0 0 0.0 1 0 1 0 0 0 1 1
1523.jpg 0 1 1.0 0 0.0 0 0 0 0 0 0 1 1
1524.jpg 0 0 0.0 0 1.0 0 0 0 1 0 0 1 1
1525.jpg 0 0 0.0 0 0.0 0 1 0 0 0 0 1 1
1526.jpg 0 0 0.0 1 0.0 0 0 0 0 0 0 1 1
1527.jpg 0 1 0.0 0 0.0 0 0 1 0 1 0 1 1
1528.jpg 0 0 0.0 0 0.0 0 0 1 0 1 0 1 0
1529.jpg 0 0 0.0 1 0.0 0 0 0 0 1 0 1 1
1530.jpg 0 0 0.0 1 0.0 0 0 1 1 0 0 1 1
1531.jpg 0 1 0.0 1 0.0 0 1 0 0 0 0 1 1
1532.jpg 1 0 1.0 0 0.0 0 0 0 0 0 0 1 1
1533.jpg 0 0 0.0 0 0.0 0 0 1 0 1 0 1 1
1534.jpg 0 0 1.0 0 0.0 0 0 0 0 1 0 1 1
1535.jpg 1 1 1.0 0 0.0 0 0 0 0 0 0 1 1
1536.jpg 1 0 0.0 0 0.0 0 0 0 0 0 0 1 1
1537.jpg 0 1 0.0 1 0.0 0 0 0 0 0 0 1 1
1538.jpg 0 1 0.0 0 0.0 1 0 0 0 1 0 1 1
1539.jpg 0 0 0.0 0 1.0 0 0 0 1 0 0 1 1
1540.jpg 0 1 0.0 1 0.0 0 0 1 0 0 0 1 1
1541.jpg 1 0 1.0 0 0.0 0 0 0 0 1 0 1 1
1542.jpg 0 0 0.0 1 0.0 0 0 0 0 1 0 1 1
1543.jpg 0 1 1.0 0 1.0 1 0 0 0 0 0 1 1
1544.jpg 1 0 0.0 0 0.0 0 0 0 0 0 0 1 1
1545.jpg 0 0 0.0 0 0.0 0 0 0 0 0 0 1 1
1546.jpg 0 0 0.0 0 1.0 1 0 1 0 0 0 1 1
1547.jpg 0 0 0.0 1 0.0 1 0 0 0 0 0 1 1
1548.jpg 0 1 1.0 0 0.0 0 0 0 0 0 0 1 1
1549.jpg 1 0 1.0 0 0.0 0 0 0 0 0 0 1 1
1550.jpg 0 0 0.0 0 0.0 0 1 1 0 0 0 1 1
1551.jpg 0 0 0.0 0 0.0 0 1 0 0 0 0 0 1
1552.jpg 1 0 0.0 0 0.0 0 0 0 0 0 0 1 1
1553.jpg 0 0 0.0 0 0.0 0 1 0 0 0 0 1 1
1554.jpg 0 1 0.0 1 0.0 0 0 0 0 0 0 1 1
1555.jpg 0 1 0.0 0 0.0 0 0 1 0 0 0 1 1
1556.jpg 1 0 1.0 0 0.0 0 0 0 1 0 0 1 1
1557.jpg 0 0 0.0 0 0.0 0 0 1 0 0 0 1 1
1558.jpg 0 1 0.0 1 0.0 0 0 0 0 0 0 1 1
1559.jpg 1 0 1.0 0 0.0 0 0 0 0 0 0 1 1
1560.jpg 0 0 1.0 0 0.0 0 0 0 0 0 0 1 1
1561.jpg 0 0 0.0 1 0.0 0 0 0 0 0 0 0 1
1562.jpg 0 0 0.0 0 0.0 0 0 1 0 0 0 1 1
1563.jpg 0 0 0.0 0 0.0 0 0 1 0 0 0 1 1
1564.jpg 1 1 0.0 0 1.0 1 0 0 0 0 0 0 1
1565.jpg 1 0 1.0 0 0.0 0 0 0 0 1 0 1 1
1566.jpg 1 0 1.0 1 0.0 0 0 0 0 0 0 1 1
1567.jpg 0 0 0.0 0 0.0 0 0 0 0 0 0 1 1
1568.jpg 0 0 1.0 0 0.0 0 0 0 0 0 0 1 1
1569.jpg 0 0 0.0 0 0.0 0 0 0 0 0 0 1 1
1570.jpg 1 0 0.0 0 0.0 0 0 0 0 1 0 1 1
1571.jpg 0 0 0.0 0 0.0 0 0 0 0 0 0 1 1
1572.jpg 0 1 0.0 0 0.0 0 0 0 0 0 0 1 1
1573.jpg 1 0 0.0 0 0.0 1 1 0 0 0 0 1 1
1574.jpg 1 1 0.0 0 1.0 0 0 0 0 0 0 0 1
1575.jpg 0 0 0.0 0 0.0 0 0 0 0 0 0 1 1
1576.jpg 1 0 1.0 1 0.0 0 0 0 0 0 0 1 1
1577.jpg 0 0 1.0 0 0.0 1 0 0 0 0 0 1 1
1578.jpg 0 0 0.0 0 0.0 0 0 1 0 0 0 1 1
1579.jpg 0 0 0.0 0 0.0 0 0 0 0 0 0 1 1
1580.jpg 0 0 0.0 0 0.0 0 0 0 0 1 0 1 1
1581.jpg 0 0 0.0 0 0.0 1 0 1 0 0 0 1 1
1582.jpg 1 0 1.0 1 0.0 0 0 0 1 0 0 1 1
1583.jpg 1 0 0.0 0 0.0 0 0 0 0 0 0 1 1
1584.jpg 0 0 0.0 0 1.0 0 0 0 0 0 0 1 1
1585.jpg 0 0 1.0 0 0.0 0 0 0 0 0 0 1 1
1586.jpg 0 1 1.0 0 0.0 0 0 0 0 0 0 1 1
1587.jpg 0 1 1.0 1 0.0 1 0 0 0 0 0 1 1
1588.jpg 0 0 0.0 1 0.0 0 0 0 0 0 0 1 1
1589.jpg 1 0 1.0 1 0.0 0 0 0 0 1 0 1 1
1590.jpg 0 1 1.0 1 0.0 0 0 0 0 0 0 1 1
1591.jpg 0 0 0.0 0 0.0 0 1 0 1 0 0 1 1
1592.jpg 0 0 0.0 0 0.0 0 0 0 0 0 0 1 1
1593.jpg 0 1 0.0 1 0.0 0 0 0 0 0 0 1 1
1594.jpg 0 0 0.0 0 0.0 0 0 0 0 0 0 1 1
1595.jpg 1 0 0.0 0 0.0 0 0 0 0 1 0 1 1
1596.jpg 0 1 0.0 0 0.0 1 0 0 0 0 0 1 1
1597.jpg 0 0 0.0 0 0.0 0 0 0 0 0 0 1 1
1598.jpg 1 0 0.0 0 0.0 0 0 0 0 0 0 1 1
1599.jpg 0 1 1.0 1 0.0 0 0 0 0 1 0 1 0
1600.jpg 1 0 0.0 1  0 0 0 0 1 0 1 1
1601.jpg 0 1 0.0 0 0.0 0 0 0 0 0 0 1 1
1602.jpg 0 0 0.0 0 1.0 0 0 0 0 0 0 1 1
1603.jpg 0 0 0.0 1 0.0 0 0 1 0 1 0 1 0
1604.jpg 0 1 1.0 0 1.0 1 0 0 0 0 0 1 1
1605.jpg 1 0 0.0 0 0.0 0 0 0 0 0 0 1 1
1606.jpg 0 0 0.0 1 0.0 0 0 0 0 0 0 1 1
1607.jpg 0 0 0.0 0 0.0 0 0 0 0 1 0 1 1
1608.jpg 0 1 1.0 0 0.0 0 0 0 0 0 0 1 1
1609.jpg 1 0 1.0 0 0.0 0 0 0 0 0 0 1 1
1610.jpg 0 1 0.0 0 0.0 0 0 1 0 0 0 1 1
1611.jpg 1 0 1.0 0 0.0 0 0 0 0 0 0 1 1
1612.jpg 0 0 0.0 0 0.0 0 0 0 0 0 0 1 1
1613.jpg 0 1 1.0 0 0.0 0 0 0 0 0 0 1 1
1614.jpg 0 0 0.0 0 0.0 0 0 1 0 0 0 1 1
1615.jpg 0 1 0.0 0 0.0 0 0 1 0 0 0 1 1
1616.jpg 0 0 0.0 1 0.0 0 0 0 0 0 0 1 1
1617.jpg 0 0 1.0 0 0.0 0 0 0 0 0 0 1 1
1618.jpg 0 1 1.0 1 0.0 0 0 0 0 0 0 1 1
1619.jpg 0 0 0.0 0 0.0 0 0 0 0 0 0 1 1
1620.jpg 1 0 1.0 0 0.0 0 0 0 0 0 0 1 1
1621.jpg 0 0 0.0 0 0.0 0 0 0 0 0 0 1 1
1622.jpg 1 0 0.0 0 0.0 0 0 0 0 0 0 1 1
1623.jpg 0 1 0.0 0 0.0 0 0 0 0 1 0 1 1
1624.jpg 1 0  0 0.0 0 0 0 0 0 0 1 1
1625.jpg 0 0 1.0 0 0.0 0 0 0 0 1 0 1 1
1626.jpg 0 0 0.0 0 0.0 0 0 0 0 0 0 1 1
1627.jpg 1 0 1.0 0 0.0 0 0 0 0 0 0 1 1
1628.jpg 0 0 0.0 0 0.0 0 0 0 0 0 0 1 1
1629.jpg 0 0 0.0 0 1.0 0 0 0 0 0 0 1 1
1630.jpg 0 1 1.0 0 0.0 1 0 0 0 0 0 1 1
1631.jpg 0 1 1.0 0 0.0 0 0 0 0 0 0 1 1
1632.jpg 0 1 1.0 0 0.0 0 0 0 0 0 0 1 1
1633.jpg 1 0 0.0 0 0.0 0 0 0 0 1 0 1 1
1634.jpg 0 0 0.0 0 0.0 1 0 0 0 0 0 1 1
1635.jpg 0 0 0.0 0 0.0 0 0 0 0 1 0 1 0
1636.jpg 0 0 0.0 0 0.0 0 0 0 0 0 0 1 1
1637.jpg 0 0 0.0 0 0.0 0 0 0 0 0 0 1 1
1638.jpg 1 0 1.0 1 0.0 0 0 0 0 1 0 1 1
1639.jpg 0 0 1.0 0 1.0 0 1 0 0 0 0 0 1
1640.jpg 0 0 0.0 0 0.0 0 0 0 0 0 0 1 1
1641.jpg 0 0 0.0 0 0.0 0 0 0 1 0 0 1 1
1642.jpg 0 0 0.0 0 0.0 0 0 0 0 0 0 1 1
1643.jpg 0 0 0.0 0 0.0 0 0 1 0 0 0 1 1
1644.jpg 0 1 1.0 0 0.0 0 0 0 1 0 0 1 1
1645.jpg 0 1 1.0 0 0.0 0 0 0 0 0 0 1 1
1646.jpg 0 0 0.0 0 0.0 0 0 1 0 0 0 1 1
1647.jpg 1 0 1.0 0 0.0 0 0 0 0 0 0 1 1
1648.jpg 0 1 1.0 0 0.0 0 0 1 1 0 0 1 1
1649.jpg 0 0 0.0 1 0.0 1 0 0 0 0 0 1 1
1650.jpg 0 0 0.0 0 0.0 0 0 0 0 0 0 1 1
1651.jpg 0 0 1.0 0 0.0 0 0 0 0 0 0 1 1
1652.jpg 1 0 1.0 0 0.0 1 0 0 0 0 0 1 1
1653.jpg 0 0 0.0 1 0.0 0 0 0 0 1 0 1 1
1654.jpg 0 0 0.0 0 0.0 0 0 0 0 0 0 1 1
1655.jpg 0 0 0.0 0 1.0 0 0 0 0 1 0 1 1
1656.jpg 0 1 0.0 0 0.0 0 0 1 0 0 0 1 1
1657.jpg 0 0 0.0 1 0.0 0 0 0 0 1 0 1 1
1658.jpg 1 0 0.0 0 0.0 1 0 0 0 0 0 1 1
1659.jpg 0 0 1.0 0 0.0 0 0 0 0 0 0 1 1
1660.jpg 0 0 0.0 1 0.0 0 0 0 0 0 0 1 1
1661.jpg 0 1 1.0 0 0.0 0 0 0 0 1 0 1 0
1662.jpg 0 0 0.0 1 0.0 0 0 0 0 0 0 1 1
1663.jpg 1 0 0.0 1 0.0 0 0 0 0 0 0 1 1
1664.jpg 1 0 0.0 0 0.0 0 0 0 0 0 0 1 1
1665.jpg 1 0 0.0 0 0.0 0 0 0 1 0 0 1 1
1666.jpg 0 0 0.0 0 0.0 0 0 0 0 0 0 1 1
1667.jpg 0 0 0.0 0 0.0 0 0 1 0 0 0 1 1
1668.jpg 0 0 0.0 0 0.0 0 0 0 0 0 0 1 1
1669.jpg 0 0 0.0 0 0.0 0 0 0 0 1 0 1 0
1670.jpg 0 0 0.0 0 0.0 1 0 0 0 1 0 1 1
1671.jpg 0 1 0.0 1 0.0 0 0 0 0 1 0 1 1
1672.jpg 1 0 1.0 0 0.0 0 0 0 1 0 0 1 1
1673.jpg 0 0 0.0 0 0.0 1 0 0 0 0 1 1 1
1674.jpg 1 0 0.0 0 0.0 0 0 0 0 0 0 1 1
1675.jpg 1 0 1.0 0 0.0 1 0 0 0 0 0 1 1
1676.jpg 0 0 0.0 0 0.0 0 0 0 1 0 0 1 1
1677.jpg 0 0 0.0 0 1.0 1 0 0 0 0 0 1 1
1678.jpg 0 0 1.0 1 0.0 0 0 0 0 0 0 1 1
1679.jpg 0 0 0.0 0 0.0 0 0 0 0 0 0 1 1
1680.jpg 0 1 1.0 1 0.0 0 0 0 0 1 0 1 1
1681.jpg 0 0 0.0 0 0.0 0 0 0 1 0 0 1 1
1682.jpg 1 0 1.0 0 0.0 0 0 0 0 0 0 1 1
1683.jpg 1 0 1.0 0 0.0 0 0 0 1 0 0 1 1
1684.jpg 0 0 0.0 0 0.0 0 0 1 0 0 0 1 1
1685.jpg 0 0 0.0 0 0.0 0 0 0 0 0 0 1 1
1686.jpg 0 0 0.0 0 1.0 0 0 0 0 0 0 1 1
1687.jpg 0 1 0.0 0 1.0 0 0 0 0 0 0 1 1
1688.jpg 0 0 0.0 0 0.0 1 0 0 0 1 0 1 1
1689.jpg 0 1 0.0 0 0.0 0 0 0 0 0 0 1 1
1690.jpg 0 0 0.0 0 0.0 0 0 0 0 0 0 1 1
1691.jpg 0 1 0.0 1 0.0 0 0 0 0 1 0 1 0
1692.jpg 0 0 0.0 0 1.0 0 0 0 1 0 0 1 1
1693.jpg 0 0 0.0 0 1.0 1 0 0 0 0 0 1 1
1694.jpg 0 0 0.0 0 0.0 0 0 1 0 0 0 1 1
1695.jpg 0 1 0.0 0 0.0 0 0 0 0 0 0 1 1
1696.jpg 0 0 0.0 0 0.0 0 0 1 1 1 0 1 1
1697.jpg 0 1 0.0 0 0.0 0 0 1 0 0 0 1 1
1698.jpg 1 0 1.0 0 0.0 1 0 0 0 0 0 1 1
1699.jpg 1 1 0.0 0 1.0 0 0 0 0 0 0 1 1
1700.jpg 0 1 0.0 0 0.0 0 0 0 0 0 0 1 1
1701.jpg 0 0 0.0 0 0.0 1 0 0 0 0 0 1 1
1702.jpg 0 0 1.0 0 0.0 0 0 0 0 0 0 1 1
1703.jpg 0 1 0.0 1 0.0 0 0 0 0 0 0 1 1
1704.jpg 0 1 0.0 0 0.0 1 0 0 0 0 0 1 1
1705.jpg 0 0 0.0 0 1.0 0 0 0 0 0 0 1 1
1706.jpg 0 0 0.0 0 1.0 0 0 1 1 0 0 1 1
1707.jpg 0 1 1.0 0 0.0 0 0 0 0 1 0 1 1
1708.jpg 1 0 0.0 0 0.0 1 0 0 0 1 0 1 1
1709.jpg 0 1 1.0 0 1.0 0 0 0 0 0 0 1 1
1710.jpg 0 0 0.0 0 0.0 0 0 0 0 1 0 1 1
1711.jpg 1 0 0.0 0 1.0 1 0 0 0 0 0 0 1
1712.jpg 0 1 0.0 0 0.0 0 0 0 0 0 0 1 1
1713.jpg 0 0 0.0 0 0.0 0 0 0 0 0 0 1 1
1714.jpg 0 1 1.0 0 1.0 0 0 0 0 0 0 1 1
1715.jpg 1 0 1.0 0 0.0 0 0 0 0 0 0 1 1
1716.jpg 1 0 0.0 0 0.0 1 0 0 0 0 0 1 1
1717.jpg 1 0 1.0 0 0.0 0 0 0 0 0 0 1 1
1718.jpg 0 0 0.0 0 0.0 0 0 0 0 0 0 1 1
1719.jpg 0 0 0.0 0 0.0 0 0 0 0 1 0 1 1
1720.jpg 0 0 0.0 0 0.0 0 0 1 0 0 0 1 1
1721.jpg 0 1 1.0 0 0.0 1 0 0 1 0 0 1 1
1722.jpg 0 0 0.0 0 1.0 0 0 0 0 0 0 1 1
1723.jpg 0 0 0.0 0 0.0 0 0 0 0 1 1 1 1
1724.jpg 0 0 0.0 0 0.0 0 0 0 0 0 0 1 1
1725.jpg 0 0 0.0 0 0.0 0 0 0 0 0 0 1 1
1726.jpg 0 1 0.0 0 0.0 1 0 0 0 0 0 1 1
1727.jpg 0 0 1.0 1 0.0 0 0 0 0 0 0 1 1
1728.jpg 0 0 1.0 1 0.0 0 0 0 0 0 0 1 1
1729.jpg 0 0 0.0 0 0.0 0 0 0 0 0 0 1 1
1730.jpg 1 0 1.0 0 0.0 0 0 0 1 0 0 1 1
1731.jpg 0 1 0.0 0 0.0 0 0 0 0 1 0 1 1
1732.jpg 0 1 0.0 0 0.0 0 0 0 0 0 0 1 1
1733.jpg 1 0 0.0 0 0.0 0 0 0 1 0 0 1 1
1734.jpg 0 0 0.0 0 1.0 0 0 0 0 0 0 0 1
1735.jpg 0 1 1.0 0 0.0 0 0 0 0 0 0 1 1
1736.jpg 0 0 0.0 0 0.0 0 0 0 0 0 0 1 1
1737.jpg 0 0 0.0 0 0.0 0 0 1 0 0 0 1 1
1738.jpg 1 0 0.0 0 0.0 0 0 0 0 0 0 1 1
1739.jpg 1 0 1.0 0 0.0 0 0 0 0 0 0 1 1
1740.jpg 0 0 0.0 0 0.0 0 0 0 1 0 0 1 1
1741.jpg 0 1 0.0 0 0.0 0 0 0 0 0 0 1 1
1742.jpg 0 0 0.0 0 0.0 0 0 0 1 0 0 1 1
1743.jpg 0 0 0.0 0 0.0 1 0 0 0 0 0 1 1
1744.jpg 0 0 0.0 1 0.0 0 0 0 1 0 0 1 1
1745.jpg 0 1 0.0 0 0.0 0 0 0 0 0 0 1 1
1746.jpg 0 0 0.0 0 0.0 0 0 0 0 0 0 1 1
1747.jpg 0 1 0.0 0 0.0 1 0 0 0 0 0 1 1
1748.jpg 1 0 1.0 0 0.0 1 0 0 0 0 0 1 1
1749.jpg 1 0 1.0 0 1.0 0 0 0 0 0 0 1 1
1750.jpg 0 1 0.0 0 0.0 0 0 0 0 1 0 1 1
1751.jpg 1 0 0.0 0 0.0 0 0 0 0 0 0 1 1
1752.jpg 0 0 1.0 1 0.0 0 0 0 0 0 0 1 1
1753.jpg 0 0 0.0 0 0.0 1 0 0 0 0 0 1 1
1754.jpg 0 1 1.0 0 0.0 0 0 0 1 0 0 1 1
1755.jpg 0 1 1.0 0 0.0 0 0 0 0 0 0 1 1
1756.jpg 0 0 0.0 0 0.0 0 0 1 0 0 0 1 1
1757.jpg 0 0 0.0 0 0.0 1 0 0 0 0 0 1 1
1758.jpg 0 0 0.0 1 0.0 0 0 0 0 0 0 1 1
1759.jpg 0 0 0.0 0 0.0 0 0 0 0 0 0 1 1
1760.jpg 0 0 0.0 0 1.0 0 0 0 0 0 0 1 1
1761.jpg 0 1 1.0 1 0.0 0 0 0 0 1 0 1 0
1762.jpg 0 1 0.0 1 0.0 0 0 0 0 0 0 1 1
1763.jpg 0 0 0.0 0 0.0 0 0 0 0 0 0 1 1
1764.jpg 0 1 0.0 0 0.0 1 0 1 0 0 0 1 1
1765.jpg 0 0 0.0 1 1.0 0 0 0 0 1 0 1 1
1766.jpg 1 0 1.0 0 0.0 0 0 0 0 0 0 1 1
1767.jpg 0 0 0.0 1 0.0 0 0 0 0 0 0 1 1
1768.jpg 0 0 0.0 0 0.0 0 0 0 0 0 0 1 1
1769.jpg 0 1 0.0 1 0.0 0 0 0 0 0 0 1 1
1770.jpg 0 1 9.0 0 0.0 1 0 0 0 0 0 1 1
1771.jpg 0 0 0.0 0 0.0 1 0 0 0 0 1 1 1
1772.jpg 0 0 0.0 0 0.0 0 0 1 0 1 0 1 1
1773.jpg 0 0 0.0 0 0.0 0 0 1 1 0 0 1 1
1774.jpg 1 0 1.0 1 0.0 0 0 0 0 0 0 1 1
1775.jpg 0 0 0.0 0 0.0 0 0 0 0 0 0 1 1
1776.jpg 1 0 0.0 0 0.0 0 0 0 0 0 0 1 1
1777.jpg 0 0 0.0 0 0.0 0 0 0 0 0 0 1 1
1778.jpg 0 0 0.0 1 0.0 1 0 0 0 0 0 1 1
1779.jpg 0 0 1.0 0 1.0 0 0 0 0 0 0 1 1
1780.jpg 0 0 0.0 0 0.0 0 0 1 0 0 0 1 1
1781.jpg 1 0 0.0 0 0.0 0 0 0 0 0 0 1 1
1782.jpg 1 0 1.0 0 0.0 0 0 0 1 0 0 1 1
1783.jpg 0 1 1.0 1 0.0 0 0 0 0 1 0 1 1
1784.jpg 0 1 1.0 0 0.0 0 0 0 0 0 0 1 1
1785.jpg 0 0 0.0 0 0.0 0 1 0 0 0 0 1 1
1786.jpg 0 0 0.0 0 0.0 0 0 0 0 0 0 1 1
1787.jpg 1 0 0.0 0 0.0 0 0 0 1 0 0 1 1
1788.jpg 0 0 0.0 0 0.0 0 0 1 0 1 0 1 0
1789.jpg 0 1 1.0 0 0.0 0 0 0 0 0 0 1 1
1790.jpg 1 0 1.0 1 1.0 0 0 0 0 0 0 1 1
1791.jpg 1 0 0.0 0 0.0 0 0 0 0 1 0 1 1
1792.jpg 0 0 0.0 0 0.0 1 0 0 0 0 0 1 1
1793.jpg 0 0 0.0 0 1.0 0 1 0 0 0 0 1 1
1794.jpg 1 1 1.0 0 0.0 0 0 0 0 0 0 1 1
1795.jpg 0 0 0.0 1 0.0 0 0 0 0 0 0 1 1
1796.jpg 0 0 0.0 0 0.0 0 0 1 0 1 0 1 1
1797.jpg 0 0 0.0 0 0.0 0 0 0 0 0 0 1 1
1798.jpg 0 0 0.0 1 0.0 0 0 0 0 0 0 1 1
1799.jpg 0 0 0.0 0 0.0 1 0 0 0 1 0 1 1
1800.jpg 0 0 0.0 0 0.0 0 0 0 0 0 0 1 1
1801.jpg 0 0 0.0 0 0.0 1 0 0 0 1 0 1 1
1802.jpg 0 0 1.0 1 0.0 0 0 0 0 0 0 1 1
1803.jpg 0 1 0.0 0 0.0 0 1 0 0 0 0 1 1
1804.jpg 1 0 0.0 0 1.0 1 0 0 1 0 0 1 1
1805.jpg 0 0 1.0 0 0.0 0 0 0 0 0 0 1 1
1806.jpg 0 0 0.0 0 1.0 0 0 0 0 0 0 1 1
1807.jpg 1 0 1.0 0 0.0 0 0 0 0 1 0 1 1
1808.jpg 0 0 0.0 0 1.0 0 0 0 0 0 0 1 1
1809.jpg 0 0 1.0 0 0.0 0 0 0 0 1 0 1 1
1810.jpg 1 1 1.0 0 0.0 0 0 0 0 0 0 1 1
1811.jpg 0 0 0.0 0 0.0 0 0 0 0 0 0 1 1
1812.jpg 0 0 0.0 0 0.0 0 1 0 0 1 0 1 1
1813.jpg 0 0 0.0 0 0.0 0 0 0 0 0 0 1 1
1814.jpg 0 0 0.0 0 0.0 0 0 1 1 0 0 1 1
1815.jpg 0 0 1.0 0 0.0 0 0 0 0 0 0 1 1
1816.jpg 1 0 0.0 0 0.0 0 0 0 1 0 0 1 1
1817.jpg 0 0 0.0 0 1.0 0 1 0 0 1 0 1 1
1818.jpg 0 0 0.0 0 0.0 0 0 0 0 0 0 1 1
1819.jpg 1 0 1.0 0 1.0 0 0 0 0 1 0 1 1
1820.jpg 0 0 0.0 0 0.0 1 0 0 1 0 0 1 1
1821.jpg 1 0 0.0 0 0.0 0 0 0 0 0 0 1 1
1822.jpg 0 0 0.0 0 0.0 0 0 1 0 0 0 1 1
1823.jpg 0 0 0.0 0 0.0 0 0 1 0 0 0 1 1
1824.jpg 1 0 1.0 0 0.0 0 1 0 0 0 0 1 1
1825.jpg 0 0 1.0 1 0.0 0 0 0 0 0 0 1 1
1826.jpg 0 0 0.0 0 0.0 1 0 0 0 1 0 1 1
1827.jpg 0 0 0.0 0 1.0 0 1 0 0 0 0 1 1
1828.jpg 0 0 1.0 0 1.0 1 0 0 0 0 0 1 1
1829.jpg 1 0 1.0 0 0.0 0 0 0 0 1 0 1 1
1830.jpg 1 0 1.0 1 0.0 0 0 0 0 0 0 1 1
1831.jpg 1 0 1.0 0 0.0 0 0 0 0 0 0 1 1
1832.jpg 0 0 1.0 0 0.0 0 0 1 0 0 0 1 1
1833.jpg 0 0 0.0 1 0.0 0 0 0 0 0 0 0 1
1834.jpg 0 0 0.0 0 1.0 0 0 0 1 0 0 1 1
1835.jpg 0 0 0.0 0 1.0 1 0 1 0 0 0 1 1
1836.jpg 1 0 0.0 1 0.0 1 0 0 0 0 0 1 1
1837.jpg 0 1 0.0 0 0.0 0 0 0 0 0 0 1 1
1838.jpg 0 1 1.0 1 0.0 0 0 0 0 0 0 1 1
1839.jpg 0 0 0.0 0 0.0 0 0 1 1 0 0 1 1
1840.jpg 0 0 0.0 0 0.0 0 0 0 0 1 0 1 1
1841.jpg 0 1 0.0 0 0.0 0 0 0 0 0 0 1 1
1842.jpg 0 0 0.0 0 0.0 0 0 1 0 0 0 1 1
1843.jpg 1 0 0.0 0 0.0 0 0 0 0 0 0 1 1
1844.jpg 1 0 1.0 0 1.0 0 0 0 0 0 0 1 1
1845.jpg 0 1 1.0 0 0.0 1 0 0 0 0 0 1 1
1846.jpg 0 0 1.0 1 0.0 0 0 0 0 0 0 1 1
1847.jpg 1 0 0.0 0 0.0 1 1 0 0 0 0 1 1
1848.jpg 1 1 1.0 0 0.0 0 0 0 0 0 0 1 1
1849.jpg 0 0 0.0 0 0.0 0 1 0 0 1 0 1 1
1850.jpg 1 0 1.0 0 1.0 0 1 0 0 0 0 1 1
1851.jpg 0 1 0.0 0 0.0 1 0 0 0 0 0 1 1
1852.jpg 0 1 0.0 0 0.0 0 0 0 1 0 0 1 1
1853.jpg 1 0 0.0 0 0.0 0 0 0 0 0 0 1 1
1854.jpg 0 0 0.0 0 0.0 1 0 0 0 0 0 1 1
1855.jpg 0 0 0.0 1 0.0 0 0 0 0 0 0 1 1
1856.jpg 0 0 0.0 1 0.0 0 0 0 0 0 0 1 1
1857.jpg 0 0 0.0 0 0.0 0 0 0 0 1 0 1 1
1858.jpg 0 0 0.0 1 0.0 0 0 0 0 0 0 1 1
1859.jpg 0 0 0.0 0 0.0 0 0 0 0 0 0 1 1
1860.jpg 0 1 0.0 0 0.0 0 0 1 0 0 0 1 1
1861.jpg 1 0 0.0 1 0.0 0 0 0 0 0 0 1 1
1862.jpg 0 1 0.0 0 0.0 0 0 0 0 0 0 1 1
1863.jpg 1 0 1.0 0 0.0 1 1 0 0 0 0 0 1
1864.jpg 0 1 1.0 0 0.0 0 0 0 0 0 0 1 1
1865.jpg 0 0 0.0 0 0.0 0 0 0 0 1 0 1 0
1866.jpg 0 0 0.0 0 1.0 0 0 0 0 0 0 1 1
1867.jpg 0 0 1.0 0 0.0 0 0 0 0 0 0 1 1
1868.jpg 1 1 0.0 0 1.0 1 1 0 0 0 0 0 1
1869.jpg 0 1 0.0 0 0.0 1 0 0 0 0 0 0 1
1870.jpg 1 0 1.0 0 1.0 0 0 0 0 0 0 1 1
1871.jpg 0 0 0.0 0 0.0 0 0 0 0 0 0 0 1
1872.jpg 0 1 0.0 1 0.0 0 0 0 0 1 0 1 0
1873.jpg 0 1 0.0 0 1.0 0 0 0 1 0 0 1 1
1874.jpg 0 0 0.0 0 0.0 0 0 0 0 0 0 1 1
1875.jpg 1 0 0.0 0 0.0 0 0 0 0 1 0 1 0
1876.jpg 0 1 0.0 0 0.0 0 0 0 0 1 0 1 0
1877.jpg 1 0 0.0 0 0.0 0 0 0 0 0 0 1 1
1878.jpg 0 0 0.0 0 0.0 0 0 0 0 0 0 1 1
1879.jpg 0 0 0.0 0 0.0 1 0 0 0 0 0 1 1
1880.jpg 1 0 0.0 0 1.0 0 0 0 1 0 0 0 1
1881.jpg 0 0 0.0 0 0.0 1 0 0 0 1 0 1 0
1882.jpg 1 0 1.0 0 0.0 0 0 0 1 0 0 0 1
1883.jpg 0 0 0.0 0 0.0 0 0 0 0 0 0 1 1
1884.jpg 0 0 0.0 0 0.0 0 0 0 0 0 0 1 1
1885.jpg 0 1 1.0 0 1.0 0 0 0 0 0 0 1 1
1886.jpg 0 0 0.0 0 0.0 0 0 0 0 0 0 1 1
1887.jpg 0 0 0.0 0 0.0 0 0 0 0 0 0 1 1
1888.jpg 0 0 0.0 0 0.0 1 0 0 0 0 0 1 1
1889.jpg 0 0 0.0 0 0.0 0 0 1 0 0 0 1 1
1890.jpg 0 0 0.0 1 0.0 0 0 1 0 1 0 0 0
1891.jpg 0 0 0.0 0 0.0 0 0 0 0 1 0 1 0
1892.jpg 0 1 1.0 0 0.0 0 0 0 0 0 0 1 1
1893.jpg 0 0 0.0 0 0.0 0 0 0 0 0 0 1 1
1894.jpg 1 0 1.0 0 1.0 0 0 0 1 0 0 0 1
1895.jpg 0 0 0.0 0 0.0 0 0 0 0 1 0 1 0
1896.jpg 0 0 0.0 0 0.0 0 0 1 0 0 0 1 1
1897.jpg 0 1 1.0 0 1.0 0 0 0 1 0 0 0 1
1898.jpg 1 0 0.0 0 0.0 0 0 0 0 1 0 1 0
1899.jpg 0 0 0.0 0 0.0 1 1 0 0 0 0 0 1
1900.jpg 0 0 0.0 0 0.0 0 0 0 0 0 0 1 1
1901.jpg 0 0 0.0 0 0.0 0 0 0 0 1 0 1 1
1902.jpg 1 1 1.0 1 0.0 0 0 0 0 0 0 1 1
1903.jpg 0 0 0.0 0 0.0 0 0 0 0 1 0 1 0
1904.jpg 1 0 1.0 1 0.0 0 0 0 0 0 0 1 1
1905.jpg 0 1 0.0 0 0.0 1 0 0 0 0 0 1 1
1906.jpg 0 0 0.0 1 0.0 0 0 0 0 1 0 1 0
1907.jpg 0 0 0.0 0 0.0 0 0 0 0 0 0 1 1
1908.jpg 0 0 0.0 1 0.0 0 0 0 0 1 0 1 1
1909.jpg 1 0 0.0 0 1.0 0 0 0 0 0 0 0 1
1910.jpg 1 0 0.0 1 0.0 0 0 0 0 0 0 1 1
1911.jpg 1 0 1.0 0 0.0 0 0 0 0 0 0 1 1
1912.jpg 1 1 0.0 0 1.0 0 1 0 0 0 0 0 1
1913.jpg 1 0 0.0 1 0.0 0 0 0 0 0 0 1 1
1914.jpg 0 0 0.0 0 0.0 0 1 0 0 0 0 0 1
1915.jpg 1 0 0.0 0 1.0 0 0 0 0 0 0 1 1
1916.jpg 1 0 0.0 1 0.0 0 0 0 0 0 0 1 1
1917.jpg 0 1 0.0 0 0.0 0 0 0 1 0 0 1 1
1918.jpg 0 1 0.0 1 0.0 0 0 0 0 0 0 1 1
1919.jpg 1 1 1.0 0 0.0 0 1 0 0 0 0 0 1
1920.jpg 0 1 0.0 0 0.0 1 0 0 0 0 0 1 1
1921.jpg 0 1 0.0 0 0.0 0 0 0 0 0 0 1 1
1922.jpg 0 0 0.0 0 0.0 0 0 0 0 1 0 1 0
1923.jpg 1 0 0.0 0 0.0 0 0 0 0 1 0 1 0
1924.jpg 1 0 1.0 1 0.0 0 0 0 0 0 0 1 1
1925.jpg 0 1 1.0 1 0.0 0 0 0 0 0 0 1 1
1926.jpg 1 0 1.0 1 0.0 0 0 0 0 0 0 1 1
1927.jpg 0 1 0.0 1 1.0 0 1 0 0 1 0 0 0
1928.jpg 1 0 0.0 1 1.0 0 0 0 0 0 0 1 1
1929.jpg 1 0 1.0 1 0.0 0 1 0 0 1 0 0 0
1930.jpg 0 0 0.0 0 0.0 0 0 0 0 0 0 1 1
1931.jpg 1 1 1.0 0 0.0 1 0 0 0 0 0 1 1
1932.jpg 0 0 0.0 0 0.0 0 0 1 0 1 0 1 0
1933.jpg 0 1 0.0 0 0.0 0 0 0 0 0 0 1 1
1934.jpg 1 1 1.0 1 0.0 0 0 0 0 0 0 1 1
1935.jpg 1 0 0.0 0 1.0 0 0 0 0 0 0 0 1
1936.jpg 0 1 1.0 1 0.0 0 0 0 0 0 0 1 1
1937.jpg 0 1 0.0 1 0.0 0 0 0 0 1 0 1 1
1938.jpg 1 0 0.0 1 0.0 0 0 0 0 0 0 1 1
1939.jpg 1 0 0.0 1 1.0 0 1 0 0 1 1 0 0
1940.jpg 1 1 1.0 0 0.0 0 0 0 0 0 0 1 1
1941.jpg 0 1 0.0 1 0.0 0 0 0 0 0 0 1 1
1942.jpg 0 0 0.0 0 0.0 0 0 0 0 1 0 1 1
1943.jpg 1 0 0.0 0 0.0 0 0 0 0 1 0 1 1
1944.jpg 0 0 0.0 1 0.0 0 0 0 0 0 0 1 1
1945.jpg 0 1 0.0 0 0.0 0 0 0 0 1 0 1 0
1946.jpg 1 1 1.0 1 0.0 0 0 0 0 0 0 1 1
1947.jpg 1 0 1.0 1 0.0 0 0 0 0 0 0 1 1
1948.jpg 1 0 0.0 1 0.0 0 0 0 0 0 0 1 1
1949.jpg 0 0 0.0 0 0.0 0 0 1 1 1 0 1 0
1950.jpg 0 1 0.0 1 0.0 0 0 0 0 0 0 1 1
1951.jpg 0 1 0.0 0 0.0 0 0 1 1 0 0 1 1
1952.jpg 0 1 0.0 0 1.0 0 0 0 0 0 0 0 1
1953.jpg 0 0 0.0 0 0.0 0 0 1 0 1 0 1 0
1954.jpg 1 1 0.0 0 0.0 0 0 0 0 0 0 1 1
1955.jpg 0 0 0.0 0 0.0 0 0 0 0 0 0 1 1
1956.jpg 0 0 0.0 0 0.0 0 0 0 0 0 0 1 1
1957.jpg 0 0 0.0 0 0.0 0 0 0 0 0 0 1 1
1958.jpg 1 0 0.0 0 0.0 0 0 0 0 0 0 1 1
1959.jpg 1 0 1.0 0 0.0 0 0 0 0 0 0 1 1
1960.jpg 0 1 1.0 0 0.0 0 0 0 0 1 0 1 0
1961.jpg 1 1 0.0 1 0.0 0 0 0 0 0 0 1 1
1962.jpg 1 0 0.0 0 0.0 0 1 0 0 1 0 0 0
1963.jpg 1 0 0.0 1 0.0 0 0 0 0 0 0 1 1
1964.jpg 1 0 1.0 0 0.0 0 0 0 0 0 0 1 1
1965.jpg 0 0 0.0 0 1.0 0 0 0 0 1 0 0 0
1966.jpg 1 1 1.0 0 0.0 0 0 0 0 0 0 1 1
1967.jpg 0 0 0.0 1 0.0 0 0 0 0 1 0 0 0
1968.jpg 0 1 0.0 0 1.0 1 1 0 0 0 0 0 1
1969.jpg 1 0 1.0 0 0.0 0 0 0 0 0 0 1 1
1970.jpg 0 1 0.0 0 0.0 0 0 0 0 0 0 1 1
1971.jpg 1 0 0.0 0 0.0 0 1 0 0 0 0 1 1
1972.jpg 0 0 0.0 1 0.0 0 0 0 0 0 0 1 1
1973.jpg 1 0 1.0 0 0.0 0 0 0 0 1 0 1 0
1974.jpg 0 0 0.0 0 0.0 0 0 0 0 0 0 1 1
1975.jpg 0 0 0.0 1 0.0 0 0 0 0 0 0 1 1
1976.jpg 1 0 0.0 0 0.0 0 0 0 0 0 0 1 1
1977.jpg 1 0 0.0 0 0.0 0 0 0 0 0 0 1 1
1978.jpg 1 0 0.0 1 0.0 0 0 0 0 1 0 1 0
1979.jpg 0 1 0.0 0 0.0 0 0 1 1 0 0 1 1
1980.jpg 0 0 0.0 0 0.0 0 1 0 0 0 0 0 1
1981.jpg 0 0 0.0 1 0.0 0 0 0 0 0 0 1 1
1982.jpg 1 0 1.0 1 0.0 0 0 0 0 1 0 1 0
1983.jpg 0 0 1.0 1 0.0 0 0 0 0 0 0 1 1
1984.jpg 0 1 0.0 1 0.0 0 0 0 0 0 0 1 1
1985.jpg 0 0 0.0 0 0.0 0 0 0 0 0 0 1 1
1986.jpg 0 1 0.0 0 0.0 1 0 0 0 0 0 1 1
1987.jpg 0 0 0.0 1 0.0 0 0 0 0 1 0 1 1
1988.jpg 1 0 1.0 1 0.0 0 0 0 0 0 0 1 1
1989.jpg 1 1 0.0 0 1.0 0 0 0 0 0 0 0 1
1990.jpg 1 0 0.0 0 0.0 0 0 0 0 1 1 1 0
1991.jpg 1 1 0.0 1 0.0 0 0 0 0 0 0 1 1
1992.jpg 0 1 0.0 0 0.0 0 0 0 0 0 0 1 1
1993.jpg 1 0 0.0 1 0.0 1 0 0 0 1 0 1 0
1994.jpg 0 0 0.0 0 0.0 0 1 0 0 1 0 1 0
1995.jpg 0 0 0.0 0 0.0 0 0 0 0 0 0 1 1
1996.jpg 0 1 0.0 0 0.0 0 0 1 0 0 0 1 1
1997.jpg 0 0 0.0 0 0.0 0 0 0 0 0 0 1 1
1998.jpg 0 0 0.0 0 0.0 0 0 0 0 0 0 1 1
1999.jpg 0 1 0.0 1 0.0 0 0 0 0 0 0 1 1
2000.jpg 1 0 1.0 0 0.0 0 0 0 0 0 0 1 1
2001.jpg 1 0 0.0 0 0.0 0 0 0 0 0 0 0 1
2002.jpg 0 0 0.0 1 0.0 0 1 0 0 1 0 0 0
2003.jpg 0 0 0.0 0 0.0 0 0 1 0 1 0 1 0
2004.jpg 0 1 0.0 1 0.0 0 0 1 0 1 0 1 0
2005.jpg 1 0 0.0 0 1.0 0 0 0 0 0 0 1 1
2006.jpg 1 1 0.0 1 0.0 0 0 0 0 0 0 1 1
2007.jpg 0 0 0.0 0 0.0 0 0 0 0 0 0 1 1
2008.jpg 1 1 1.0 1 0.0 0 0 0 0 0 0 1 1
2009.jpg 0 1 0.0 0 0.0 0 0 0 0 0 0 1 1
2010.jpg 0 0 0.0 0 0.0 0 0 0 0 1 0 1 1
2011.jpg 0 0 0.0 0 0.0 0 0 0 0 0 0 1 1
2012.jpg 1 0 1.0 1 0.0 0 0 0 0 0 0 1 1
2013.jpg 0 0 0.0 0 0.0 0 0 0 0 1 0 1 0
2014.jpg 0 0 0.0 0 1.0 0 1 0 0 0 0 0 1
2015.jpg 0 0 0.0 1 0.0 0 0 0 0 0 0 1 1
2016.jpg 1 1 1.0 0 0.0 1 0 0 0 1 0 1 0
2017.jpg 1 1 0.0 1 0.0 0 0 0 0 0 0 1 1
2018.jpg 0 0 0.0 0 0.0 0 1 1 1 1 0 0 0
2019.jpg 0 0 0.0 1 0.0 0 0 0 0 0 0 1 1
2020.jpg 0 0 0.0 0 0.0 0 0 1 0 0 0 1 1
2021.jpg 0 0 0.0 0 0.0 0 0 0 0 0 0 1 1
2022.jpg 1 0 1.0 1 1.0 0 1 0 0 0 0 1 1
2023.jpg 0 0 0.0 1 0.0 0 0 0 0 0 0 1 1
2024.jpg 0 1 0.0 0 0.0 0 0 0 0 0 0 1 1
2025.jpg 1 0 0.0 0 0.0 0 0 0 0 1 0 1 0
2026.jpg 0 0 0.0 0 0.0 0 0 0 1 0 0 1 1
2027.jpg 0 0 0.0 0 0.0 0 0 0 0 0 0 1 1
2028.jpg 0 1 0.0 0 1.0 0 0 0 0 0 0 1 1
2029.jpg 0 1 1.0 1 0.0 0 0 0 0 0 0 1 1
2030.jpg 0 1 1.0 1 0.0 0 0 0 0 0 0 1 1
2031.jpg 1 1 0.0 1 1.0 0 0 0 0 0 0 1 1
2032.jpg 1 0 0.0 1 0.0 0 0 0 0 1 0 1 0
2033.jpg 0 0 0.0 0 0.0 0 0 0 1 0 0 0 1
2034.jpg 0 0 1.0 1 1.0 0 0 0 0 0 0 1 1
2035.jpg 1 0 1.0 1 0.0 0 0 0 0 0 0 1 1
2036.jpg 0 0 0.0 0 0.0 0 0 0 0 1 0 1 1
2037.jpg 1 0 0.0 0 0.0 0 0 0 0 0 0 1 1
2038.jpg 1 1 0.0 0 0.0 0 0 0 0 0 0 1 1
2039.jpg 0 1 0.0 1 0.0 0 0 0 0 1 0 1 0
2040.jpg 1 1 0.0 1 0.0 0 0 0 0 0 0 1 1
2041.jpg 0 0 0.0 0 0.0 0 0 0 0 0 0 1 1
2042.jpg 0 0 0.0 1 0.0 0 0 1 1 1 0 1 1
2043.jpg 1 0 0.0 1 1.0 0 1 0 0 1 0 0 0
2044.jpg 0 1 0.0 1 0.0 0 0 0 0 0 0 0 1
2045.jpg 1 0 0.0 1 0.0 0 0 0 0 0 0 0 1
2046.jpg 1 1 0.0 1 0.0 1 1 0 0 0 0 0 1
2047.jpg 1 0 1.0 1 1.0 0 1 0 0 1 0 0 0
2048.jpg 0 0 0.0 0 0.0 0 0 0 0 0 0 1 1
2049.jpg 0 0 0.0 0 0.0 0 0 0 0 0 0 1 1
2050.jpg 0 0 1.0 0 0.0 0 0 0 0 0 0 1 1
2051.jpg 0 0 0.0 0 0.0 0 0 0 1 1 0 1 0
2052.jpg 1 0 0.0 1 0.0 0 0 0 0 0 0 1 1
2053.jpg 0 0 0.0 0 0.0 0 0 0 0 0 0 1 1
2054.jpg 0 1 1.0 0 0.0 0 0 0 0 0 0 1 1
2055.jpg 1 1 1.0 1 0.0 0 0 0 0 0 0 1 1
2056.jpg 0 0 0.0 1 0.0 1 0 1 1 0 0 1 1
2057.jpg 0 1 0.0 0 0.0 1 0 1 1 0 0 1 1
2058.jpg 0 0 0.0 0 0.0 0 0 0 0 0 0 1 1
2059.jpg 0 0 0.0 0 0.0 0 0 0 0 1 0 1 0
2060.jpg 1 0 1.0 0 0.0 0 0 0 0 0 0 1 1
2061.jpg 1 1 0.0 1 0.0 0 0 0 0 0 0 1 1
2062.jpg 1 1 0.0 0 0.0 1 0 0 0 1 0 1 0
2063.jpg 0 0 0.0 0 0.0 0 0 0 0 1 0 1 0
2064.jpg 0 0 0.0 0 0.0 0 1 0 0 0 0 1 1
2065.jpg 1 0 0.0 1 0.0 0 0 0 0 0 0 1 1
2066.jpg 1 0 0.0 0 1.0 0 0 0 0 0 0 1 1
2067.jpg 0 0 0.0 1 0.0 0 0 0 0 1 0 1 0
2068.jpg 1 0 1.0 1 0.0 0 0 0 0 0 0 1 1
2069.jpg 1 0 0.0 0 1.0 0 0 0 0 0 0 1 1
2070.jpg 0 0 0.0 0 0.0 0 0 0 0 0 0 1 1
2071.jpg 0 1 0.0 0 0.0 1 0 0 0 0 0 1 1
2072.jpg 1 1 1.0 1 0.0 0 0 0 0 0 0 1 1
2073.jpg 0 1 0.0 0 0.0 0 0 0 0 0 0 1 1
2074.jpg 0 0 0.0 0 0.0 0 0 1 0 0 0 1 1
2075.jpg 0 1 0.0 0 0.0 0 0 0 0 0 0 1 1
2076.jpg 0 1 0.0 1 0.0 0 0 0 0 0 0 1 1
2077.jpg 0 0 1.0 0 0.0 0 0 0 0 0 0 1 1
2078.jpg 0 0 0.0 0 0.0 0 0 1 0 1 0 1 0
2079.jpg 0 1 0.0 1 0.0 0 0 0 0 1 0 1 0
2080.jpg 0 0 0.0 0 0.0 0 0 1 0 0 0 1 1
2081.jpg 0 0 0.0 0 0.0 0 0 0 1 1 0 1 0
2082.jpg 0 0 0.0 1 1.0 0 0 0 0 1 0 0 0
2083.jpg 0 0 0.0 1 0.0 0 0 0 0 1 0 1 1
2084.jpg 0 0 0.0 1 0.0 0 0 0 0 0 0 1 1
2085.jpg 1 0 0.0 1 0.0 0 0 0 0 0 0 1 1
2086.jpg 1 0 0.0 0 0.0 0 0 0 0 1 0 1 0
2087.jpg 0 0 0.0 0 0.0 0 0 0 1 0 0 1 1
2088.jpg 0 1 0.0 0 0.0 1 0 0 0 0 0 1 1
2089.jpg 1 0 0.0 1 0.0 0 0 0 0 0 0 1 1
2090.jpg 0 0 0.0 0 0.0 0 0 0 0 0 0 1 1
2091.jpg 0 0 0.0 0 0.0 0 0 0 0 0 0 1 1
2092.jpg 0 0 0.0 1 0.0 0 1 0 0 0 0 1 1
2093.jpg 1 0 0.0 0 0.0 0 0 0 0 0 0 1 1
2094.jpg 0 0 0.0 1 1.0 0 0 0 0 1 0 0 0
2095.jpg 1 0 0.0 0 0.0 0 0 0 0 0 0 1 1
2096.jpg 1 1 0.0 1 1.0 0 0 0 0 0 0 1 1
2097.jpg 1 1 0.0 1 0.0 0 0 0 0 0 0 1 1
2098.jpg 0 0 0.0 0 0.0 0 0 0 0 0 0 1 1
2099.jpg 0 0 0.0 0 0.0 0 0 1 0 0 0 1 1
2100.jpg 0 1 0.0 1 0.0 1 0 1 0 0 0 0 1
2101.jpg 0 0 0.0 0 0.0 0 0 0 0 1 0 1 1
2102.jpg 0 0 0.0 0 0.0 0 0 0 0 1 0 1 0
2103.jpg 0 0 0.0 0 0.0 0 0 0 0 0 0 1 1
2104.jpg 1 0 0.0 0 0.0 0 0 0 0 1 0 1 0
2105.jpg 0 0 0.0 1 0.0 0 0 0 0 0 0 1 1
2106.jpg 0 1 0.0 1 0.0 0 0 0 0 0 0 1 1
2107.jpg 1 0 0.0 0 0.0 0 0 0 0 0 0 1 1
2108.jpg 1 0 0.0 0 0.0 0 0 0 0 0 0 1 1
2109.jpg 1 0 0.0 1 0.0 0 0 0 0 1 0 1 0
2110.jpg 0 0 0.0 1 0.0 0 0 0 0 0 0 1 1
2111.jpg 0 0 0.0 0 0.0 0 0 1 0 1 0 1 0
2112.jpg 1 0 0.0 1 1.0 0 0 0 0 1 0 0 0
2113.jpg 1 0 0.0 1 0.0 0 0 0 0 1 0 1 0
2114.jpg 1 1 0.0 0 0.0 1 0 0 0 0 0 1 1
2115.jpg 0 1 0.0 0 0.0 1 0 1 0 0 0 1 1
2116.jpg 0 0 0.0 0 0.0 0 0 0 0 0 0 1 1
2117.jpg 0 0 0.0 0 0.0 0 0 0 0 0 0 1 1
2118.jpg 0 1 1.0 1 0.0 0 0 0 0 1 0 1 0
2119.jpg 0 1 0.0 0 0.0 1 0 1 0 0 0 1 1
2120.jpg 1 0 0.0 1 0.0 1 0 0 0 0 0 1 1
2121.jpg 0 1 0.0 0 0.0 1 0 1 0 1 0 1 0
2122.jpg 0 0 0.0 0 0.0 0 0 0 0 0 0 1 1
2123.jpg 0 1 1.0 1 0.0 0 0 1 0 0 0 1 1
2124.jpg 1 0 0.0 0 0.0 0 1 0 0 1 0 1 0
2125.jpg 0 0 0.0 1 0.0 0 0 0 0 0 0 1 1
2126.jpg 0 0 0.0 1 0.0 0 0 0 0 0 0 1 1
2127.jpg 1 0 1.0 1 0.0 1 0 0 0 0 0 1 1
2128.jpg 0 0 0.0 0 0.0 0 0 0 0 0 0 1 1
2129.jpg 0 1 0.0 0 0.0 0 1 0 0 1 0 1 0
2130.jpg 0 1 0.0 0 0.0 0 0 1 0 0 0 1 1
2131.jpg 0 0 0.0 0 0.0 0 0 0 1 0 0 1 1
2132.jpg 0 0 0.0 0 1.0 0 0 0 0 1 0 1 0
2133.jpg 1 1 0.0 0 1.0 0 0 0 0 1 0 0 0
2134.jpg 1 0 1.0 1 1.0 0 0 0 0 0 0 0 1
2135.jpg 0 0 0.0 0 0.0 0 0 0 0 0 0 1 1
2136.jpg 0 1 0.0 1 0.0 1 0 0 0 1 0 1 0
2137.jpg 1 1 0.0 0 1.0 0 0 0 0 0 0 0 1
2138.jpg 0 0 0.0 0 0.0 0 0 0 0 0 0 1 1
2139.jpg 0 0 0.0 0 0.0 0 0 0 1 0 0 0 1
2140.jpg 0 0 0.0 0 0.0 0 0 0 0 0 0 1 1
2141.jpg 0 0 0.0 1 0.0 0 0 0 0 0 0 1 1
2142.jpg 0 0 0.0 0 0.0 0 0 1 0 0 0 1 1
2143.jpg 0 0 0.0 1 0.0 0 0 0 0 0 0 1 1
2144.jpg 1 0 0.0 1 0.0 0 0 0 0 1 0 1 1
2145.jpg 0 0 0.0 1 0.0 0 0 0 0 0 0 1 1
2146.jpg 0 0 0.0 0 0.0 0 0 1 0 0 0 1 1
2147.jpg 0 0 0.0 1 0.0 0 0 0 0 0 0 1 0
2148.jpg 0 1 0.0 0 0.0 0 0 0 0 1 0 1 0
2149.jpg 1 1 0.0 1 0.0 1 0 0 0 0 0 1 1
2150.jpg 1 1 1.0 1 0.0 0 0 0 0 0 0 1 1
2151.jpg 0 0 0.0 0 0.0 0 0 0 0 0 0 1 1
2152.jpg 0 0 0.0 1 0.0 0 0 0 0 0 0 1 1
2153.jpg 0 0 0.0 1 0.0 0 0 0 0 0 0 1 1
2154.jpg 0 0 0.0 0 0.0 0 0 1 0 1 0 1 0
2155.jpg 1 0 1.0 0 0.0 0 0 0 0 0 0 1 1
2156.jpg 1 1 0.0 0 0.0 0 0 0 0 0 0 1 1
2157.jpg 1 0 0.0 1 0.0 0 0 0 0 1 0 1 0
2158.jpg 1 0 1.0 1 0.0 0 0 0 0 0 0 1 1
2159.jpg 0 0 0.0 1 0.0 0 0 0 0 0 0 1 1
2160.jpg 0 0 0.0 0 0.0 0 0 1 0 0 0 1 1
2161.jpg 1 0 1.0 1 1.0 0 1 0 0 0 0 0 1
2162.jpg 1 0 0.0 1 1.0 0 0 0 0 0 0 0 1
2163.jpg 0 1 0.0 0 0.0 0 0 0 0 0 0 1 1
2164.jpg 0 0 0.0 0 0.0 0 0 1 1 0 0 1 1
2165.jpg 0 1 1.0 1 0.0 1 0 0 0 0 0 1 1
2166.jpg 0 1 0.0 0 0.0 0 0 0 0 0 0 1 1
2167.jpg 0 0 1.0 1 0.0 0 0 0 0 0 0 1 1
2168.jpg 1 1 0.0 1 1.0 1 1 0 0 0 0 1 1
2169.jpg 0 0 0.0 0 0.0 0 0 0 0 0 0 1 1
2170.jpg 1 1 0.0 0 0.0 0 0 0 0 1 0 1 0
2171.jpg 0 1 0.0 1 0.0 0 0 0 0 0 0 1 1
2172.jpg 1 0 0.0 1 0.0 0 0 0 0 0 0 1 1
2173.jpg 0 1 0.0 0 0.0 1 0 1 0 0 0 1 1
2174.jpg 0 1 0.0 0 0.0 0 0 1 0 0 0 1 1
2175.jpg 0 0 0.0 0 0.0 0 0 1 0 0 0 1 1
2176.jpg 0 0 0.0 1 0.0 0 0 0 0 0 0 1 1
2177.jpg 1 0 1.0 0 0.0 0 0 0 0 1 0 1 0
2178.jpg 0 0 0.0 1 0.0 0 0 0 0 0 0 1 1
2179.jpg 1 0 0.0 0 0.0 0 0 0 0 0 0 1 1
2180.jpg 0 0 0.0 0 0.0 0 0 0 0 0 0 1 1
2181.jpg 0 0 0.0 0 0.0 0 1 0 0 0 0 0 1
2182.jpg 0 0 0.0 0 1.0 0 1 0 0 0 0 0 1
2183.jpg 1 1 0.0 1 0.0 0 0 0 0 0 0 1 1
2184.jpg 0 0 0.0 0 0.0 0 0 0 0 0 0 1 1
2185.jpg 0 1 0.0 0 0.0 1 0 0 0 0 0 1 1
2186.jpg 0 0 0.0 0 0.0 1 0 0 0 0 0 1 1
2187.jpg 0 0 0.0 0 0.0 0 0 0 0 1 0 1 0
2188.jpg 1 0 1.0 0 0.0 0 0 0 0 1 0 1 0
2189.jpg 0 0 1.0 0 0.0 1 0 0 0 0 0 1 1
2190.jpg 1 0 1.0 1 1.0 0 0 0 0 0 0 0 1
2191.jpg 1 0 1.0 0 0.0 0 0 0 0 0 0 1 1
2192.jpg 1 0 1.0 0 0.0 0 0 0 0 0 0 1 1
2193.jpg 1 1 1.0 0 0.0 1 0 0 0 1 0 1 0
2194.jpg 1 0 1.0 1 0.0 0 0 0 0 0 0 1 1
2195.jpg 0 0 0.0 0 0.0 0 0 0 0 0 0 1 1
2196.jpg 1 0 0.0 0 1.0 0 0 0 0 1 0 0 0
2197.jpg 1 1 1.0 1 0.0 1 1 0 0 0 0 1 1
2198.jpg 1 0 0.0 0 0.0 0 0 0 0 0 0 1 1
2199.jpg 0 0 0.0 0 0.0 0 0 0 0 0 0 1 1
2200.jpg 1 1 0.0 0 0.0 0 0 0 0 0 0 1 1
2201.jpg 1 0 0.0 1 0.0 0 0 0 1 0 0 1 1
2202.jpg 0 0 0.0 0 1.0 0 0 0 0 0 0 1 1
2203.jpg 1 0 0.0 0 1.0 0 0 0 0 0 0 0 1
2204.jpg 0 0 0.0 0 0.0 0 0 1 0 0 0 1 1
2205.jpg 1 0 0.0 1 0.0 0 0 0 0 0 0 1 1
2206.jpg 1 1 1.0 1 0.0 1 0 0 0 0 0 1 1
2207.jpg 1 0 0.0 0 0.0 0 0 0 0 0 0 1 1
2208.jpg 0 0 0.0 1 0.0 0 0 0 0 0 0 1 1
2209.jpg 0 0 0.0 1 0.0 1 0 0 0 0 0 1 1
2210.jpg 1 0 0.0 1 0.0 0 0 0 0 0 0 1 1
2211.jpg 1 0 0.0 0 0.0 0 1 0 0 0 0 0 1
2212.jpg 0 0 0.0 0 0.0 0 0 0 0 0 0 1 1
2213.jpg 0 1 0.0 0 0.0 1 0 0 0 0 0 1 1
2214.jpg 0 1 0.0 0 0.0 1 0 0 0 0 0 1 1
2215.jpg 0 0 0.0 1 0.0 0 0 0 0 1 0 1 1
2216.jpg 1 1 1.0 1 0.0 1 0 0 1 0 0 1 1
2217.jpg 1 0 0.0 1 1.0 0 0 0 0 0 0 0 1
2218.jpg 1 1 1.0 0 0.0 1 0 0 0 0 0 1 1
2219.jpg 1 1 1.0 1 0.0 0 0 0 0 0 0 1 1
2220.jpg 0 0 0.0 0 1.0 0 0 0 0 0 0 1 1
2221.jpg 0 1 1.0 0 0.0 1 0 0 0 1 0 1 0
2222.jpg 1 0 0.0 1 0.0 0 0 0 0 0 0 1 1
2223.jpg 0 1 0.0 0 0.0 1 0 0 0 0 0 1 1
2224.jpg 1 0 1.0 1 0.0 0 0 0 0 0 0 1 1
2225.jpg 0 1 1.0 0 0.0 1 0 0 0 0 0 1 1
2226.jpg 0 0 0.0 0 0.0 0 0 0 0 1 0 1 0
2227.jpg 0 1 0.0 1 0.0 0 0 0 0 0 0 1 1
2228.jpg 0 1 1.0 1 0.0 0 0 0 0 0 0 1 1
2229.jpg 0 0 0.0 1 0.0 0 0 0 0 0 0 1 1
2230.jpg 1 0 1.0 1 0.0 0 0 0 0 0 0 1 1
2231.jpg 0 1 0.0 0 0.0 0 0 0 0 0 0 1 1
2232.jpg 1 0 0.0 0 0.0 0 0 0 0 0 0 1 1
2233.jpg 0 0 0.0 0 0.0 0 1 1 0 0 0 0 1
2234.jpg 1 1 0.0 0 1.0 0 0 0 0 0 0 1 1
2235.jpg 0 0 0.0 0 0.0 0 0 0 0 0 0 1 1
2236.jpg 0 0 0.0 1 0.0 0 0 0 0 0 0 1 1
2237.jpg 0 0 0.0 1 0.0 0 0 0 0 0 0 1 1
2238.jpg 0 0 0.0 0 0.0 0 0 1 0 0 0 1 1
2239.jpg 0 1 0.0 0 0.0 0 0 0 0 0 0 1 1
2240.jpg 1 0 1.0 0 0.0 0 0 0 0 1 0 1 0
2241.jpg 1 0 0.0 1 0.0 0 0 0 0 0 0 1 1
2242.jpg 0 1 0.0 0 0.0 0 0 0 0 0 0 1 1
2243.jpg 0 1 1.0 1 0.0 1 1 1 0 0 0 0 1
2244.jpg 1 0 0.0 1 0.0 0 0 0 0 0 0 1 1
2245.jpg 1 0 0.0 0 0.0 0 0 0 0 0 0 1 1
2246.jpg 1 0 1.0 0 0.0 0 0 0 0 0 0 1 1
2247.jpg 1 0 1.0 1 0.0 0 1 0 0 0 0 1 1
2248.jpg 0 0 0.0 1 0.0 0 0 0 0 0 0 1 1
2249.jpg 1 1 0.0 0 0.0 0 0 0 0 0 0 1 1
2250.jpg 0 1 0.0 0 0.0 0 0 1 0 0 0 1 1
2251.jpg 0 1 0.0 0 0.0 0 0 1 0 0 0 1 1
2252.jpg 1 0 1.0 1 0.0 0 0 0 0 0 0 1 1
2253.jpg 0 0 0.0 1 0.0 0 0 0 0 0 0 1 1
2254.jpg 0 0 0.0 1 0.0 0 0 0 0 0 0 1 1
2255.jpg 0 0 0.0 0 0.0 0 0 0 0 1 0 1 1
2256.jpg 0 0 1.0 1 0.0 0 0 0 0 0 0 1 1
2257.jpg 0 0 0.0 1 0.0 0 0 0 0 0 0 1 1
2258.jpg 0 0 0.0 0 0.0 0 1 0 0 0 0 0 1
2259.jpg 0 0 0.0 1 1.0 1 0 0 0 0 0 1 1
2260.jpg 1 0 0.0 1 0.0 0 0 0 0 0 0 1 1
2261.jpg 1 1 0.0 1 0.0 0 0 0 0 0 0 1 1
2262.jpg 0 1 0.0 1 1.0 0 0 0 0 0 0 1 1
2263.jpg 0 1 0.0 0 0.0 0 0 0 0 0 0 1 1
2264.jpg 0 0 0.0 1 0.0 0 0 0 0 0 0 1 1
2265.jpg 0 1 0.0 1 0.0 0 0 0 0 0 0 1 1
2266.jpg 0 1 1.0 1 0.0 0 0 0 0 0 0 1 1
2267.jpg 1 0 1.0 0 1.0 0 1 0 0 0 0 1 1
2268.jpg 0 0 0.0 0 1.0 0 1 0 0 0 0 0 1
2269.jpg 0 0 0.0 0 0.0 0 0 0 0 1 0 1 0
2270.jpg 0 0 0.0 0 0.0 0 0 0 0 0 0 1 1
2271.jpg 0 0 0.0 1 0.0 0 0 0 0 0 0 1 1
2272.jpg 0 0 0.0 0 0.0 0 1 1 1 0 0 0 1
2273.jpg 0 0 0.0 1 0.0 0 0 0 0 0 0 1 1
2274.jpg 0 1 0.0 1 0.0 0 0 0 0 0 0 1 1
2275.jpg 1 0 1.0 1 0.0 0 0 0 0 0 0 1 1
2276.jpg 0 0 0.0 0 0.0 1 0 0 0 0 0 1 1
2277.jpg 1 0 1.0 1 0.0 0 0 0 0 0 0 1 1
2278.jpg 1 1 0.0 0 1.0 0 1 0 0 0 0 0 1
2279.jpg 0 1 0.0 1 0.0 1 0 0 0 0 0 1 1
2280.jpg 1 1 0.0 0 1.0 1 0 0 0 0 0 0 1
2281.jpg 0 1 0.0 0 0.0 1 0 0 0 1 0 1 0
2282.jpg 1 1 1.0 1 0.0 0 0 0 0 0 0 1 1
2283.jpg 0 0 0.0 0 0.0 0 0 0 0 0 0 1 1
2284.jpg 0 1 0.0 0 0.0 0 0 1 0 0 0 1 1
2285.jpg 0 0 0.0 0 0.0 0 0 0 0 0 0 1 1
2286.jpg 1 0 1.0 1 0.0 0 0 0 0 0 0 1 1
2287.jpg 1 0 0.0 1 0.0 0 0 0 0 0 0 1 1
2288.jpg 1 1 1.0 0 0.0 0 0 0 0 0 0 1 1
2289.jpg 0 1 0.0 1 0.0 0 0 0 0 0 0 1 1
2290.jpg 1 1 1.0 0 0.0 1 0 0 1 1 0 1 0
2291.jpg 0 0 0.0 1 1.0 0 0 0 0 0 0 1 1
2292.jpg 0 1 0.0 0 0.0 0 0 0 0 0 0 1 1
2293.jpg 0 0 0.0 1 0.0 0 0 0 0 0 0 1 1
2294.jpg 0 1 0.0 0 0.0 0 0 0 0 0 0 1 1
2295.jpg 0 1 0.0 1 0.0 0 0 0 0 0 0 1 1
2296.jpg 1 1 0.0 0 0.0 0 1 0 0 0 0 1 1
2297.jpg 0 0 0.0 0 0.0 0 0 0 0 0 0 1 1
2298.jpg 0 0 0.0 0 0.0 0 1 0 0 0 0 1 1
2299.jpg 0 1 0.0 0 0.0 0 0 0 0 1 0 1 0
2300.jpg 0 1 0.0 0 0.0 1 0 1 0 0 0 1 1
2301.jpg 1 0 1.0 1 1.0 0 1 0 0 0 0 1 1
2302.jpg 0 0 0.0 1 0.0 0 0 0 0 1 0 1 1
2303.jpg 0 0 0.0 0 0.0 0 0 1 1 1 0 1 1
2304.jpg 1 0 0.0 0 0.0 0 0 0 0 0 0 1 1
2305.jpg 1 0 1.0 1 0.0 0 0 0 0 0 0 1 1
2306.jpg 1 0 1.0 0 0.0 0 0 0 0 0 0 1 1
2307.jpg 0 0 0.0 0 0.0 0 0 0 0 0 0 1 1
2308.jpg 0 0 0.0 0 0.0 0 0 0 0 0 0 1 1
2309.jpg 1 1 0.0 1 0.0 0 1 0 0 0 0 0 1
2310.jpg 1 1 0.0 1 1.0 0 1 0 0 0 0 0 1
2311.jpg 0 1 0.0 0 0.0 1 0 1 0 0 0 1 1
2312.jpg 1 0 0.0 1 0.0 0 0 0 0 0 0 1 1
2313.jpg 0 0 0.0 0 0.0 0 1 0 0 1 0 0 0
2314.jpg 1 0 0.0 0 1.0 0 0 0 0 0 0 1 1
2315.jpg 0 0 0.0 1 0.0 0 0 0 0 0 0 1 1
2316.jpg 0 0 0.0 0 0.0 0 0 0 1 0 1 1 1
2317.jpg 0 0 0.0 0 0.0 0 0 1 1 0 0 1 1
2318.jpg 0 0 0.0 0 1.0 1 0 0 0 0 0 1 1
2319.jpg 0 0 0.0 1 0.0 0 0 0 0 0 0 1 1
2320.jpg 0 0 0.0 1 0.0 0 0 0 0 1 0 1 0
2321.jpg 0 0 0.0 1 0.0 0 0 0 0 0 0 1 1
2322.jpg 0 0 0.0 0 0.0 0 0 0 0 0 0 1 1
2323.jpg 1 0 0.0 0 0.0 0 0 0 0 0 0 1 1
2324.jpg 0 0 0.0 0 0.0 0 0 0 1 0 0 1 1
2325.jpg 0 1 1.0 0 0.0 0 0 0 0 0 0 1 1
2326.jpg 0 0 0.0 1 0.0 0 0 0 0 0 0 1 1
2327.jpg 0 0 0.0 1 0.0 0 0 0 1 1 0 1 0
2328.jpg 0 0 0.0 0 0.0 0 0 1 0 0 0 1 1
2329.jpg 0 0 0.0 1 0.0 0 1 0 0 1 0 1 0
2330.jpg 0 0 0.0 1 0.0 0 0 0 1 0 0 1 1
2331.jpg 0 0 0.0 0 0.0 0 0 0 0 0 0 1 1
2332.jpg 0 0 1.0 1 0.0 0 0 0 0 0 0 1 1
2333.jpg 0 0 0.0 0 0.0 0 0 0 1 0 0 1 1
2334.jpg 0 0 0.0 0 0.0 0 0 0 0 0 0 1 1
2335.jpg 0 0 1.0 0 0.0 1 0 0 0 1 0 1 0
2336.jpg 0 0 0.0 1 0.0 0 0 0 1 0 0 1 1
2337.jpg 1 0 0.0 0 0.0 0 0 0 0 0 0 1 1
2338.jpg 0 0 1.0 1 0.0 0 0 0 0 0 1 1 0
2339.jpg 0 0 0.0 0 0.0 1 0 0 0 0 0 1 1
2340.jpg 0 0 0.0 1 0.0 1 0 0 0 0 0 1 1
2341.jpg 1 0 0.0 1 0.0 0 0 0 0 0 0 1 1
2342.jpg 1 0 0.0 1 0.0 0 0 0 0 0 0 1 1
2343.jpg 0 0 0.0 1 0.0 0 0 0 0 0 0 1 1
2344.jpg 1 0 1.0 1 1.0 0 0 0 0 0 1 0 1
2345.jpg 0 0 0.0 1 0.0 0 0 0 0 0 0 1 1
2346.jpg 0 0 0.0 0 0.0 1 0 0 1 1 0 1 0
2347.jpg 1 0 0.0 0 0.0 0 0 0 0 1 0 1 0
2348.jpg 0 1 1.0 0 0.0 0 0 0 0 0 0 1 1
2349.jpg 0 0 0.0 0 0.0 0 0 1 0 0 0 1 1
2350.jpg 0 0 0.0 0 0.0 0 0 0 0 0 0 1 1
2351.jpg 0 0 0.0 0 0.0 0 0 0 0 0 0 1 1
2352.jpg 0 0 0.0 1 0.0 0 0 0 0 0 0 1 1
2353.jpg 0 0 1.0 0 0.0 0 0 0 0 1 0 1 0
2354.jpg 0 0 0.0 0 0.0 0 0 1 0 0 0 1 1
2355.jpg 0 0 0.0 0 1.0 0 0 0 0 1 0 0 0
2356.jpg 1 0 1.0 1 0.0 0 0 0 0 0 0 1 1
2357.jpg 0 1 0.0 0 0.0 0 0 0 0 0 0 1 1
2358.jpg 0 0 1.0 1 0.0 0 0 0 0 0 0 1 1
2359.jpg 0 0 0.0 1 0.0 0 0 0 0 0 0 1 1
2360.jpg 1 0 0.0 1 0.0 0 0 0 0 0 0 1 1
2361.jpg 0 0 0.0 0 1.0 0 0 0 0 1 0 0 0
2362.jpg 0 0 0.0 0 0.0 0 0 0 1 0 0 1 1
2363.jpg 0 0 1.0 1 0.0 1 0 0 0 0 0 1 1
2364.jpg 0 0 1.0 0 0.0 0 0 0 1 1 0 1 0
2365.jpg 1 0 0.0 1 0.0 0 0 0 1 1 0 1 0
2366.jpg 0 0 1.0 1 0.0 1 0 0 0 1 0 1 0
2367.jpg 0 0 0.0 1 1.0 0 0 0 0 0 0 0 1
2368.jpg 1 0 0.0 0 0.0 0 0 0 1 1 0 1 0
2369.jpg 0 1 0.0 0 0.0 0 0 0 0 0 0 1 1
2370.jpg 0 0 1.0 1 0.0 0 0 0 0 0 0 1 1
2371.jpg 0 0 0.0 0 0.0 0 0 0 0 0 0 1 1
2372.jpg 0 0 0.0 0 0.0 0 1 0 1 0 0 0 1
2373.jpg 0 0 0.0 0 1.0 0 0 0 0 0 0 0 1
2374.jpg 0 0 0.0 1 0.0 0 0 0 0 0 0 1 1
2375.jpg 0 0 0.0 1 0.0 0 0 0 0 0 0 1 1
2376.jpg 0 1 0.0 1 0.0 0 0 0 0 0 0 1 1
2377.jpg 0 1 0.0 0 0.0 0 0 0 0 0 0 1 0
2378.jpg 0 1 1.0 1 0.0 0 0 0 0 0 0 1 1
2379.jpg 0 1 0.0 0 0.0 0 1 0 1 0 0 0 1
2380.jpg 0 0 0.0 1 0.0 0 0 0 0 1 0 1 0
2381.jpg 0 0 0.0 0 0.0 0 1 0 0 1 0 0 0
2382.jpg 1 0 0.0 0 1.0 0 0 0 0 0 0 0 1
2383.jpg 0 0 1.0 0 0.0 0 1 0 0 0 0 0 1
2384.jpg 0 0 0.0 0 0.0 1 1 0 1 0 0 0 1
2385.jpg 0 0 0.0 0 0.0 0 0 0 1 0 0 1 1
2386.jpg 0 0 1.0 0 1.0 0 0 0 0 0 1 0 1
2387.jpg 0 0 1.0 1 0.0 0 0 0 0 1 0 1 0
2388.jpg 1 0 1.0 0 1.0 0 1 0 0 0 0 0 1
2389.jpg 0 0 0.0 0 0.0 1 0 0 0 0 0 1 1
2390.jpg 1 1 0.0 1 1.0 0 0 0 0 0 0 1 1
2391.jpg 0 1 0.0 0 0.0 0 0 0 1 1 0 1 0
2392.jpg 0 0 1.0 1 0.0 0 0 0 1 0 0 1 1
2393.jpg 0 0 1.0 0 0.0 1 0 0 0 1 0 1 0
2394.jpg 1 0 0.0 1 0.0 0 0 0 0 0 0 1 1
2395.jpg 0 1 0.0 0 0.0 0 0 0 1 1 0 1 0
2396.jpg 1 0 0.0 1 0.0 0 0 0 0 0 0 1 1
2397.jpg 0 1 0.0 0 0.0 0 0 1 0 1 0 1 0
2398.jpg 0 0 0.0 0 0.0 0 0 0 0 0 0 1 1
2399.jpg 0 0 0.0 1 0.0 0 0 0 0 0 0 1 1
2400.jpg 0 0 0.0 0 0.0 1 0 0 1 1 0 1 0
2401.jpg 0 1 0.0 1 0.0 0 0 0 0 1 0 1 0
2402.jpg 0 0 0.0 1 0.0 0 0 0 0 0 0 1 1
2403.jpg 1 0 0.0 0 1.0 0 0 0 0 0 0 0 1
2404.jpg 0 1 0.0 0 0.0 0 1 0 0 0 0 0 1
2405.jpg 0 0 1.0 1 0.0 0 0 0 0 0 0 1 1
2406.jpg 0 0 0.0 1 0.0 0 0 0 0 1 0 1 0
2407.jpg 0 0 0.0 1 0.0 1 0 0 0 0 0 1 1
2408.jpg 0 0 0.0 0 1.0 1 0 0 0 0 0 1 1
2409.jpg 0 0 1.0 1 0.0 0 0 0 0 1 0 1 0
2410.jpg 0 1 0.0 0 0.0 0 0 1 0 0 0 1 1
2411.jpg 0 0 0.0 0 0.0 0 0 0 0 0 0 1 1
2412.jpg 0 1 0.0 0 0.0 0 0 0 0 0 0 1 1
2413.jpg 0 0 0.0 0 1.0 1 1 0 1 1 0 0 0
2414.jpg 1 0 0.0 1 0.0 0 0 0 0 0 0 1 1
2415.jpg 0 0 0.0 1 0.0 0 0 0 0 0 1 1 1
2416.jpg 0 1 0.0 1 0.0 0 0 1 0 0 0 1 1
2417.jpg 1 1 0.0 1 0.0 1 0 0 0 0 0 1 1
2418.jpg 0 0 0.0 0 0.0 0 0 0 0 0 0 1 1
2419.jpg 0 1 0.0 0 1.0 0 0 0 0 0 0 1 1
2420.jpg 0 1 0.0 1 0.0 0 0 0 0 0 0 1 1
2421.jpg 0 0 0.0 0 0.0 0 0 0 0 0 0 1 1
2422.jpg 0 0 0.0 0 0.0 0 0 0 0 0 0 1 1
2423.jpg 0 0 0.0 1 0.0 0 0 0 1 0 0 1 1
2424.jpg 0 1 0.0 0 0.0 0 0 0 1 0 0 1 1
2425.jpg 0 1 0.0 0 0.0 0 0 1 1 0 0 1 1
2426.jpg 0 1 0.0 1 0.0 0 0 0 0 0 0 1 1
2427.jpg 1 0 0.0 1 0.0 0 0 0 0 0 0 1 1
2428.jpg 0 0 0.0 0 0.0 0 0 0 0 0 0 1 1
2429.jpg 0 0 0.0 1 0.0 0 0 0 0 0 0 1 1
2430.jpg 0 0 0.0 1 0.0 0 0 0 0 0 0 1 1
2431.jpg 1 0 0.0 1 0.0 0 0 0 0 0 0 1 1
2432.jpg 0 0 0.0 1 0.0 0 0 0 0 0 0 1 1
2433.jpg 0 1 1.0 1 0.0 0 0 0 0 0 0 1 1
2434.jpg 0 0 1.0 1 0.0 0 0 0 0 0 0 1 1
2435.jpg 1 0 1.0 1 0.0 0 0 0 0 1 0 1 0
2436.jpg 0 1 0.0 0 0.0 1 0 0 0 0 0 1 1
2437.jpg 0 0 0.0 1 0.0 0 0 0 0 0 0 1 1
2438.jpg 0 1 0.0 1 0.0 0 0 0 1 0 0 1 1
2439.jpg 0 0 0.0 0 0.0 0 0 0 0 0 0 1 1
2440.jpg 0 0 1.0 0 0.0 0 0 0 1 0 0 1 1
2441.jpg 0 0 0.0 0 0.0 0 0 0 0 1 0 1 0
2442.jpg 0 1 0.0 0 0.0 0 0 0 0 0 0 1 1
2443.jpg 0 0 0.0 0 1.0 0 1 0 0 0 0 0 1
2444.jpg 0 0 0.0 0 0.0 0 0 0 0 0 0 1 1
2445.jpg 0 1 0.0 0 0.0 0 0 0 0 0 0 1 1
2446.jpg 0 0 0.0 0 0.0 0 0 1 0 0 0 1 1
2447.jpg 0 1 0.0 0 0.0 0 0 0 0 0 0 1 1
2448.jpg 0 0 0.0 0 0.0 0 0 0 0 0 0 1 1
2449.jpg 0 0 0.0 1 0.0 0 0 0 0 0 0 0 1
2450.jpg 0 1 1.0 1 0.0 0 0 0 0 0 0 1 1
2451.jpg 0 0 0.0 0 0.0 1 0 0 0 0 0 1 1
2452.jpg 0 0 0.0 1 0.0 0 0 0 0 0 0 1 1
2453.jpg 0 1 1.0 1 0.0 0 0 0 0 0 0 1 1
2454.jpg 0 0 0.0 1 0.0 0 0 0 0 1 0 1 0
2455.jpg 0 1 1.0 1 0.0 0 1 0 0 1 0 0 0
2456.jpg 0 0 0.0 0 0.0 0 0 1 0 1 0 1 0
2457.jpg 0 0 0.0 0 0.0 1 0 0 1 0 0 1 1
2458.jpg 1 1 0.0 0 1.0 0 0 0 0 0 0 0 1
2459.jpg 0 1 0.0 0 1.0 0 0 0 0 1 0 0 1
2460.jpg 0 1 0.0 0 0.0 0 0 0 0 0 0 1 1
2461.jpg 0 1 1.0 1 1.0 1 1 0 0 0 0 0 1
2462.jpg 0 0 0.0 1 0.0 0 0 0 0 1 0 1 0
2463.jpg 0 1 0.0 1 0.0 0 0 0 0 0 0 1 1
2464.jpg 0 0 1.0 1 0.0 0 0 0 0 0 0 1 1
2465.jpg 1 0 0.0 1 0.0 0 0 0 0 0 0 1 1
2466.jpg 0 0 0.0 1 0.0 0 1 0 0 0 0 1 1
2467.jpg 1 0 0.0 1 0.0 0 0 0 0 0 0 1 1
2468.jpg 1 0 1.0 1 0.0 0 1 0 0 1 0 0 0
2469.jpg 0 0 0.0 0 1.0 1 0 0 0 0 0 0 1
2470.jpg 0 0 0.0 0 1.0 0 0 0 0 0 0 1 1
2471.jpg 0 1 0.0 0 0.0 0 0 0 0 0 0 1 1
2472.jpg 1 0 0.0 1 1.0 0 1 0 0 1 1 0 0
2473.jpg 0 0 1.0 1 0.0 1 0 0 0 0 1 1 1
2474.jpg 1 0 0.0 0 0.0 0 0 0 0 0 0 1 1
2475.jpg 0 1 0.0 1 1.0 1 1 0 0 1 1 0 0
2476.jpg 1 0 0.0 0 0.0 0 0 0 0 0 0 1 1
2477.jpg 1 0 0.0 0 1.0 1 0 0 0 1 0 0 0
2478.jpg 0 1 0.0 1 0.0 0 0 1 0 1 0 1 0
2479.jpg 0 0 0.0 1 0.0 0 0 0 0 0 0 1 1
2480.jpg 0 0 0.0 0 0.0 0 0 1 0 0 0 1 1
2481.jpg 0 0 0.0 0 0.0 1 0 0 0 0 0 1 1
2482.jpg 0 0 0.0 1 0.0 0 0 0 0 0 0 1 1
2483.jpg 0 1 0.0 1 0.0 0 0 0 0 0 1 1 1
2484.jpg 0 0 0.0 1 0.0 0 0 0 0 0 0 1 1
2485.jpg 0 0 0.0 1 0.0 1 0 0 0 0 0 1 1
2486.jpg 0 0 0.0 1 0.0 0 0 0 0 1 0 1 0
2487.jpg 0 0 0.0 1 0.0 0 0 0 0 0 0 1 1
2488.jpg 0 0 0.0 1 0.0 0 0 0 0 0 0 1 1
2489.jpg 1 0 1.0 1 0.0 0 0 0 0 0 1 1 1
2490.jpg 0 0 0.0 0 0.0 0 0 0 1 0 0 1 1
2491.jpg 1 1 0.0 0 0.0 0 0 0 0 0 0 1 1
2492.jpg 0 0 0.0 0 0.0 0 1 0 0 0 0 0 1
2493.jpg 0 0 0.0 0 0.0 0 0 0 0 1 0 1 0
2494.jpg 0 0 0.0 1 0.0 0 0 0 1 1 0 1 0
2495.jpg 0 1 1.0 1 0.0 0 0 0 1 0 0 1 1
2496.jpg 0 0 0.0 0 0.0 0 0 0 1 0 0 1 1
2497.jpg 0 1 1.0 0 1.0 0 0 0 0 0 0 1 1
2498.jpg 0 0 0.0 0 0.0 1 0 1 0 0 0 1 1
2499.jpg 0 1 1.0 1 1.0 0 0 0 0 0 0 0 1
